10000
6356  8617  2795  5801  7829  
8968  1519  9653  3361  2537  
2189  2001  7831  6950  881   
7538  6659  8581  4146  5516  
4117  5524  5090  2008  1145  
1948  6273  3849  5633  7585  
2535  6053  9378  9891  512   
5241  3016  1446  9441  2878  
2619  9881  7919  8251  497   
3241  4881  845   7233  6189  
603   6414  1699  7756  6525  
7039  1095  6441  9563  7289  
2833  5387  7889  5061  8027  
2541  4503  7347  4277  2497  
6762  1278  161   2930  7137  
7003  7983  4445  3521  9276  
9301  7567  498   2733  3031  
5551  4891  481   2149  9375  
2499  81    4641  2163  8465  
6951  6089  2041  3650  6551  
5585  8334  3701  8901  9611  
31    7091  7223  5122  911   
2241  7534  1177  6595  2481  
1394  3313  1242  3489  7122  
1191  3141  4161  6541  8417  
6726  33    7981  5799  1789  
6740  1121  8385  1069  2729  
4812  2396  8109  5421  6699  
151   5817  2311  9671  768   
5808  6606  7801  3831  3712  
4065  4051  8141  2606  3696  
3658  4872  1541  5015  8111  
1039  309   8311  9445  6113  
1115  8771  6021  5318  4769  
5361  8297  4301  4651  7509  
5433  7740  4611  7397  6759  
145   2729  3841  1204  5579  
7053  8367  185   4265  2081  
673   7501  3749  7421  8611  
9961  7901  7746  8561  1253  
3903  198   1724  4207  745   
2325  9872  293   7310  6075  
6094  1063  4969  4613  2257  
2446  3093  2595  7650  1565  
9715  2057  7531  5206  8606  
3271  3219  2621  2174  4005  
1217  8461  2582  6190  4977  
2869  6182  8361  4721  3601  
4921  2001  4993  4621  3121  
4803  1091  4229  3769  3515  
3001  1000  8337  7298  1139  
5681  7461  5493  8233  11    
8213  3993  4959  8467  331   
6145  8678  1993  5494  5860  
2992  8427  3465  1066  2291  
2563  1069  7532  2057  3345  
8997  209   4726  2805  7253  
6354  6429  6876  1728  1438  
7610  6751  5071  4037  7082  
8620  4860  8996  9369  1001  
2929  6614  5501  4706  5276  
8189  1401  9865  7451  53    
6881  6717  9010  5744  2049  
9229  8606  6287  2849  3461  
6019  961   2561  5291  6807  
1427  327   932   8338  8882  
7961  7101  5656  9303  8550  
5041  1741  3881  9090  2065  
5467  7263  3545  4762  2737  
4021  568   2976  4993  9036  
4811  7393  1183  6687  2636  
1607  6375  4401  2554  1017  
4171  8865  6481  2026  8189  
2786  3260  9233  3337  3455  
7503  2755  476   6267  4859  
1409  8484  9137  4581  8467  
9845  4525  1689  3035  6553  
6530  7893  7673  8049  6645  
5563  502   5605  2131  2587  
203   4793  5226  2785  781   
1881  8967  4109  1457  5186  
5432  8933  103   7222  7051  
3161  8576  7707  9372  1889  
1251  7238  7362  3504  8548  
4697  4561  8505  1927  7029  
6801  7701  7756  8096  1647  
205   5141  8501  2302  8677  
97    6253  3611  6661  1647  
5345  5741  7939  6827  5863  
4760  9665  1101  1225  9700  
4991  4291  3167  3559  9341  
6093  9777  3247  211   8453  
5153  6281  3265  4769  7991  
7611  569   8716  5860  7220  
9502  5547  9669  9825  1333  
9961  2795  4026  2761  1421  
4753  8171  7469  7057  9747  
8812  4625  6170  5172  5902  
465   7941  1596  1481  7015  
7340  3001  8337  5635  4471  
1734  4889  3329  7177  9177  
3826  1564  6353  6769  6779  
3635  2553  8261  3941  8841  
4045  9701  3876  3193  8028  
9601  8721  5049  1105  5665  
5121  3993  7763  2451  4463  
4996  2606  7213  3396  9409  
5865  9929  3713  2796  1173  
8231  8105  7051  4807  5061  
3257  8321  6001  4241  6350  
9876  9407  7689  9856  1201  
2501  6400  5224  9571  7277  
1351  3057  7762  1539  2957  
1703  2209  8861  410   670   
1331  2278  8076  4369  8641  
3941  5266  3366  1207  4873  
1691  8377  5965  1601  3933  
7011  8542  4861  9653  9099  
2533  3216  6241  2091  3241  
5521  7821  2956  7751  1041  
513   8758  8675  3593  1116  
8961  717   2143  274   519   
7273  8390  9444  4446  9189  
6147  7173  3663  9023  9915  
4576  6451  33    590   9922  
2216  9753  1     6031  133   
3483  7764  3424  431   2991  
5991  9401  1851  3313  7131  
1277  5041  2409  1501  2037  
4055  8444  8989  3925  2880  
3124  5525  8881  8653  1445  
2349  3919  5294  348   6637  
4321  1040  5601  4641  7041  
5401  7626  5785  9785  9751  
9843  7409  6896  9551  9206  
1071  9386  3521  4627  9569  
1583  1813  8473  3251  1545  
4525  1823  6859  5358  3741  
7301  5267  306   1121  1416  
161   9221  201   4959  8069  
1722  3407  5873  3071  3971  
3789  5366  9347  6491  5687  
9493  2281  8475  1243  6369  
1685  2811  5809  2236  5502  
3123  157   2591  9037  399   
5484  4421  6937  6501  1351  
6001  5369  5045  91    9951  
2119  5877  2996  5537  9273  
8217  3897  4805  8025  4561  
23    6546  8039  1525  7121  
2743  5937  4333  9821  5728  
6405  7157  4951  6631  1446  
4641  9953  2625  8329  4977  
4845  6067  6465  2368  3933  
701   7481  7931  4857  7651  
7698  784   688   7241  8901  
5677  661   2316  9461  7661  
9677  8428  8713  3984  5356  
2324  6701  3053  8833  2541  
2246  7470  2413  3681  4441  
6051  2601  8616  153   7845  
2689  7121  2321  8931  3733  
4321  7151  7334  5101  8723  
3151  194   7329  9634  5845  
5404  5377  5741  3396  5322  
901   5907  5061  3465  8489  
3233  4324  3948  7503  16    
1503  4351  521   4241  2801  
9841  5116  7006  7939  7385  
9849  7838  8105  1666  1986  
9727  7218  6409  6404  5532  
1345  557   4301  7381  6661  
1243  3841  1559  701   3449  
6296  8729  5657  976   789   
7697  8853  6577  6140  8006  
9681  4557  3615  9536  863   
5797  7981  9679  4641  9993  
6039  997   2599  319   1445  
6699  7369  8289  403   4313  
4251  1761  471   491   4321  
7501  2941  7281  7331  3293  
1960  9321  5547  4370  8241  
7619  4150  4305  4069  3179  
6956  4634  5976  8643  1291  
2685  8488  6328  6771  6439  
126   365   6151  2175  2605  
5733  4982  9514  6795  1807  
4866  3521  4158  5809  4225  
5234  1161  5579  8411  7601  
6352  3401  6891  9997  2703  
9614  9587  4721  6796  7761  
1471  7292  5161  1825  4656  
2097  2625  9681  2289  6641  
5553  5917  577   5686  8776  
2835  5687  6396  5356  7233  
5541  5489  4500  1331  3107  
2279  7716  7077  1393  5755  
4746  4929  4820  4545  3277  
2397  6041  6251  9653  7001  
6225  1153  336   6712  1757  
6675  7617  4473  737   2391  
3656  1761  7584  1908  3913  
2649  9331  6505  3149  3500  
9581  1433  3441  5951  9721  
1621  791   6995  4441  4846  
807   2839  419   8603  7176  
1533  9641  73    7951  673   
9828  2997  193   7817  4001  
8216  3682  9553  469   1225  
468   138   7105  1425  6731  
3931  3272  5721  8372  5135  
3299  6472  5651  6713  2557  
7569  7911  2721  9575  1426  
5739  641   5745  5001  1809  
3181  8120  7993  8939  8911  
1876  5929  9363  8733  7506  
3125  6317  3351  3831  2470  
6625  3841  2428  4609  3092  
6551  6239  7745  2339  3706  
3725  5453  4601  7421  9087  
5741  3155  2641  7516  3213  
8345  5277  8199  3880  3276  
5581  553   3101  4700  6055  
6801  9951  2478  4905  9987  
6973  6001  1377  9008  7300  
1126  63    5013  2434  2461  
4331  5556  3849  5409  7065  
901   7648  6990  4521  2545  
4049  7841  1151  1281  7185  
3366  2156  3324  9760  7757  
3009  2059  593   8705  1801  
3065  4068  6650  185   6031  
7339  7541  8591  2028  9071  
5417  7275  7781  695   5399  
7397  3137  9463  2176  939   
8716  1452  4635  5641  8373  
7521  3571  7935  5477  673   
33    7515  9552  3186  2367  
8509  5076  1020  877   17    
7446  6849  3874  7841  3505  
2201  6110  5171  9376  5445  
5701  7293  3441  9511  5594  
8351  6797  375   3751  8289  
7672  121   8641  6791  3415  
905   6261  2391  5169  2481  
3521  3241  2075  6337  566   
5552  8037  5867  8830  6101  
657   3721  2092  4611  9327  
2547  961   9761  8001  1385  
725   5155  2291  2697  3310  
9601  8567  1881  9441  4771  
6697  9999  9597  1361  9713  
2321  6086  4533  1273  5093  
6479  8622  1321  5888  6779  
645   5409  5359  3189  4781  
9671  3105  1506  8771  9553  
6963  2646  7487  1773  9948  
4161  6305  1249  3601  2207  
5333  956   9711  301   4032  
1079  274   4103  9897  9205  
3331  727   2345  7439  7376  
3800  6597  6169  5341  5393  
9797  2165  4301  5269  641   
6413  6051  3364  4722  9869  
5297  93    5872  5133  2407  
8345  1601  2369  1949  377   
8144  5100  5777  8941  6739  
5465  6335  8209  9526  2353  
2452  3677  7297  6756  458   
6661  682   9553  8345  7541  
2969  1329  9084  6641  877   
8681  4939  4068  2574  2051  
341   5928  3779  9240  3721  
5348  2233  5415  4836  8637  
9305  805   9928  5376  2563  
5937  11    3773  9601  6870  
5393  2737  4226  5830  2331  
1947  7184  7776  6114  851   
9484  5061  749   3724  4759  
2347  6186  2131  4969  6866  
6091  7797  401   7443  186   
3726  3145  8731  2897  3376  
2235  6941  6615  6693  7601  
137   2421  269   2253  964   
1231  1650  5133  1982  9501  
9670  3611  1594  2969  5291  
9275  6269  4388  9177  7671  
9218  1551  6513  569   251   
4088  8309  1441  5889  5155  
8477  1871  3269  1281  3507  
1271  3479  8601  4008  5601  
3046  1     15    8379  8269  
8039  7091  2321  4572  8869  
9661  3493  26    4353  2711  
7825  3376  8421  4978  2261  
6079  4065  4851  3671  1842  
4134  9953  6161  9181  9579  
2149  2921  381   1119  4681  
772   649   3921  3876  9718  
3902  73    4669  2690  9981  
2815  6673  3041  8437  9253  
8049  3381  6273  295   8764  
3513  1219  7509  4037  168   
197   9566  7291  8413  5277  
5671  3793  6953  958   7251  
5809  1825  847   5617  1531  
6657  6252  2284  211   7411  
7057  980   9009  5968  791   
1385  5556  8971  5605  6319  
9382  3781  6099  2846  3091  
7601  9348  1217  7909  5009  
1481  1142  9283  541   4055  
1928  4841  6577  541   4958  
3833  6915  2431  5995  4135  
1589  721   4841  9281  6664  
6385  2945  5249  967   1221  
7125  5371  7727  2260  9304  
7181  7121  9989  1014  4687  
2490  9501  8344  8536  9921  
2447  3505  860   3201  1260  
2968  4533  8201  2827  9265  
8454  5121  6183  1797  7777  
6101  8737  2816  586   1605  
2313  7517  434   688   913   
6324  2220  6834  5121  823   
9505  9276  1976  6746  7125  
213   3825  6609  5025  2440  
6899  179   8467  1699  1441  
7873  4506  501   261   1063  
4481  457   4751  3835  431   
2220  1642  2109  461   9229  
6725  58    1329  4849  69    
829   5433  6593  9705  2140  
9819  7001  3601  2919  7747  
5696  3877  5569  8778  5681  
1861  1729  6980  2825  7873  
9260  6869  8801  3961  5557  
1375  2191  4545  8172  4817  
6669  5661  4561  5940  2491  
7921  1151  9791  7909  702   
5405  5114  4849  641   6560  
5300  8555  2977  4513  4555  
4779  5221  4000  6804  4622  
3993  1788  2745  887   8726  
2913  721   3063  6713  3908  
7481  7489  1064  3371  9391  
8101  4617  2183  8043  4499  
7676  4019  4389  1906  8166  
1373  5395  9356  7903  9262  
3660  9633  2446  7123  8815  
27    2901  7161  3951  5023  
3658  8537  1129  1591  6016  
1335  3209  206   9917  2621  
2977  9883  3161  4609  3841  
5005  3174  9851  165   9114  
7447  2289  5625  1809  8451  
8753  159   4493  3889  2805  
9706  8148  7489  2254  7749  
8211  9745  7421  5273  1269  
3691  8193  4521  2265  8447  
5646  5771  7676  4467  8793  
4886  7831  4193  2951  7770  
7601  2177  9825  4431  9976  
4761  387   7731  4135  6271  
8276  557   3513  2022  6256  
4701  8249  6067  3495  376   
1901  2086  6683  4561  2742  
8536  1956  4351  8439  6441  
5041  2801  5501  2093  1269  
1306  6739  3323  172   6110  
6711  7502  7663  4523  8289  
1908  3821  25    745   5699  
3795  401   9096  3678  2075  
1637  1969  58    4009  9113  
2214  5801  9361  861   6901  
5591  6133  5469  4528  4347  
9823  2806  9126  9649  3757  
2501  6303  9209  9261  653   
4573  6980  4109  463   2541  
8709  5780  5906  2929  1603  
1028  5612  1296  6579  9155  
4702  8381  2569  2335  2668  
2679  2289  1034  5391  2111  
8965  2296  6065  8233  4137  
9275  3146  4505  3381  9415  
2891  5083  4184  1736  7865  
7169  2941  927   5759  1247  
7550  3039  3719  3895  235   
6116  5251  8621  3113  5403  
2113  5201  2569  9629  2670  
9813  9005  7217  7210  4539  
9796  2767  2205  8249  4501  
6094  8953  8690  4293  3299  
1153  223   5598  7975  2150  
4021  5481  7537  2053  8382  
3345  4367  6777  2274  105   
4045  6365  8577  576   6779  
7272  7110  5675  3051  3689  
6635  1331  8113  5681  8471  
3126  8719  4567  57    2276  
3307  311   2486  3467  6239  
7397  2609  3621  201   4921  
9148  4149  5877  1356  1077  
1076  3311  1257  8876  1637  
6117  2631  5444  4617  7766  
9503  1291  4037  6385  3917  
8097  6333  4134  7637  4053  
6376  969   3177  8144  7126  
9609  5761  8995  7603  2325  
6121  9923  3057  3633  4021  
6125  3197  9801  239   2276  
9409  9393  601   1455  9394  
8269  2431  7863  8011  105   
703   8042  8918  8022  4827  
7450  166   8495  8283  1167  
8414  5307  2365  8071  4734  
2129  4606  8081  2721  2713  
153   7833  3540  7023  3071  
5126  9267  3625  1471  2025  
1145  6906  1641  6525  1233  
4963  8026  3521  7555  19    
9461  1373  9409  6049  4113  
9921  3553  2381  1353  7361  
2617  7311  5766  9682  5648  
186   2993  8195  7626  1399  
5793  4721  4499  33    2752  
2706  3001  1637  865   6413  
3293  1458  8171  1397  9109  
6396  7670  2753  6601  7039  
9517  2586  7630  8426  2181  
5281  2661  5847  5391  6957  
301   593   8386  6385  6116  
6999  776   9435  3567  7156  
5416  1685  6859  3889  9997  
3441  9887  6026  9616  2673  
9849  8391  6829  8824  525   
9738  1677  5505  1926  7955  
7449  1323  9086  1706  63    
9951  8571  7093  8926  4267  
1281  4373  8231  3181  8961  
8351  9868  6620  6691  8811  
6065  3351  3681  779   4069  
6825  9899  1728  2186  2798  
7911  9925  4773  7441  1311  
4626  2439  8653  3185  5294  
2345  7584  3601  896   7185  
2859  9211  7982  8836  8537  
5605  913   3705  7489  4553  
8126  6817  4869  2491  7458  
5312  2953  2979  9513  4697  
9117  203   6308  2073  6592  
5873  4209  1925  454   3188  
80    165   5165  7363  2902  
7554  90    399   5556  3293  
2203  1376  6421  4861  5193  
4065  3521  8101  7725  4650  
1591  4696  9275  1107  53    
903   5970  5546  987   1005  
5701  2097  8086  5201  7765  
7076  4748  7201  1563  7439  
3819  1943  9715  8881  7921  
3856  1183  7455  2358  3567  
8843  7384  9641  8375  6766  
3547  6757  3077  3793  4717  
9424  1657  6713  6271  2491  
7175  8513  5152  93    7365  
7486  9601  6253  6131  8941  
526   5457  9999  6402  5601  
5537  3460  1570  4175  7801  
2     401   6929  6062  5936  
9797  2819  3761  5601  8001  
7453  429   7970  8749  1594  
5137  9897  1301  9945  6209  
4919  8913  637   1787  7350  
9629  4167  4718  3653  6961  
9541  6657  3071  9385  2103  
9041  757   3574  349   6354  
6427  9527  5242  9391  3601  
9025  7001  9034  7843  3829  
5118  2007  2989  7051  8497  
9151  3268  7168  8581  9794  
501   4626  551   9953  5175  
9257  9025  617   687   860   
6145  596   7721  569   2557  
121   1916  8751  9977  9841  
8638  5463  4072  4985  3262  
3145  8553  6424  1761  9643  
4929  3314  1308  3551  5891  
6375  141   73    4241  1295  
7127  6681  5975  9425  3297  
643   10000 251   9243  345   
2696  339   9761  2239  6221  
4426  5027  7265  1565  2341  
9437  9772  1790  4121  4305  
9693  2593  6783  7365  9721  
6737  8001  917   341   111   
2265  8096  6283  3025  7551  
4341  7109  7296  3006  6522  
4497  4909  9671  1341  3153  
2605  9141  7767  2117  7313  
6531  3217  9865  8651  1701  
4127  8713  3967  4989  5331  
9905  5928  2531  4116  337   
625   3257  7989  2182  6173  
8014  8077  61    2441  5773  
657   9577  580   8051  1056  
6606  9601  655   1521  2585  
2769  7065  1353  233   5196  
3953  3897  7917  6097  9416  
5761  5976  3581  3669  4001  
8953  5425  8904  1069  3189  
7017  9454  5626  7139  2231  
3039  9461  4001  8323  1310  
6041  8969  9026  9876  4255  
9431  6449  5273  4137  2565  
441   4331  5051  5240  4471  
1985  1283  3089  4185  2539  
2812  6336  3017  8851  9770  
9099  2550  7353  3329  4803  
913   6583  9767  6372  9617  
2952  2907  4951  2082  9829  
2689  9755  8871  833   4826  
8746  281   9201  194   7218  
2825  1213  3837  3590  7399  
241   9939  4401  3657  9265  
8155  2501  4375  787   5918  
6637  3985  1979  5306  9126  
5827  2791  6351  8085  4602  
8639  401   9953  1921  2515  
2849  9346  6402  7266  9411  
2921  6025  9161  3320  9229  
1057  61    8227  8001  8464  
7947  815   8809  9937  5041  
6465  2201  6065  4601  6461  
2817  1368  4225  3261  8905  
1787  8093  4792  2983  6219  
3849  1317  4473  881   8711  
6853  8753  1106  9525  9551  
531   245   9530  4329  9596  
9249  5877  349   3720  9649  
5751  7789  9901  9453  161   
5417  9600  4623  2978  3407  
949   379   2255  9083  4586  
1306  8733  4536  2579  6657  
4353  235   7518  2480  8829  
8578  9093  6506  6857  6879  
4887  6085  8751  3501  3047  
7911  4597  3397  433   9708  
8865  2321  9401  6721  8646  
8301  3177  5986  4621  752   
9441  4977  8441  601   3342  
6991  3199  3877  7753  1021  
9405  3334  6685  3136  5407  
1816  8604  9241  5791  1867  
3581  6839  5321  3893  1161  
8470  2979  3039  9431  3149  
3381  8442  3951  4208  8931  
2379  1301  3243  9360  6986  
9601  1821  2576  3158  7106  
7768  1566  7840  9874  6675  
6929  132   4284  2601  2734  
5865  3822  9963  2741  5899  
2753  621   5185  7891  7955  
3046  5161  2878  8999  3101  
635   5261  7751  4705  7697  
3381  937   6497  1237  2286  
4643  5546  6157  685   7495  
1921  8961  8402  1460  1521  
9327  1705  7755  7484  9569  
6489  4593  4675  3297  1953  
8996  1565  6366  4095  5201  
1359  3115  4360  2821  3295  
6273  5169  2299  8501  9025  
5103  978   7168  3321  698   
8321  7505  8473  3904  1493  
5817  8289  4413  3681  6901  
4923  1196  5351  4049  2023  
8769  1636  815   6323  5978  
3406  9156  552   1177  8078  
4193  7767  7352  5653  9748  
3565  7953  7756  3779  5941  
9221  6993  4839  2055  6255  
4071  4501  1875  2826  4571  
4286  5593  3441  4561  5145  
5666  5997  3222  807   5625  
4221  3952  9865  6465  4483  
7685  8013  7953  8860  2001  
896   3171  8017  3741  8879  
2943  1755  9465  3978  8109  
9537  5596  7933  5933  7552  
2093  6641  5829  4593  5052  
6121  7873  8409  7627  3213  
8596  141   5233  5842  289   
6430  8991  7993  5003  7887  
8873  493   6945  8049  13    
5299  7187  1501  3409  6061  
7489  2813  5243  4300  8861  
5601  4813  3829  2845  2297  
9299  177   7780  3413  2539  
8831  226   6597  4982  4318  
5205  4245  2365  2621  1969  
547   129   2645  3054  2439  
3059  8087  955   2819  8129  
1177  853   7957  8341  3713  
9105  3590  801   5945  1526  
7217  1153  1337  2239  645   
2773  9201  611   4661  7841  
2218  1648  7733  4381  1583  
1973  5907  3449  8905  2836  
9901  7688  9245  4083  7806  
5143  3403  7021  5494  3553  
7771  6441  6969  3851  4371  
632   7801  2716  1062  9023  
1426  7073  8745  6597  8701  
339   8782  1445  8345  9770  
2951  6675  4715  9768  4301  
3651  2895  7191  7215  1585  
2303  6763  3069  3913  3657  
8397  5621  6997  9010  3551  
7553  2681  8701  5677  1791  
2611  2321  6031  9641  6129  
2817  9466  409   7454  2401  
5801  1797  4209  6236  1941  
8257  5280  9641  2021  7442  
2820  8463  9253  8607  8936  
1946  5309  4464  2319  2094  
3181  6655  5601  6301  5553  
5137  4877  401   8933  1651  
1611  7601  5714  5483  4981  
1105  51    4497  109   4283  
9761  4007  2721  5479  6001  
3891  6001  1     2449  1789  
5149  7326  8525  3705  905   
9393  6057  4319  7387  7715  
9661  1951  2521  2316  7899  
6342  8861  5553  233   5554  
5296  8999  8809  2724  4025  
881   3639  6506  6831  2216  
9187  1745  4705  31    2176  
9851  1417  5683  6241  2018  
5676  7160  6161  6769  301   
6209  8481  9409  1827  3180  
1169  2345  6167  50    5891  
1543  4843  8321  1605  3937  
6394  5646  6046  8551  6793  
3553  8057  5337  6226  8646  
8351  3133  3781  335   8209  
7766  3581  5997  582   7901  
6785  5191  8491  3396  7576  
4189  8985  4360  2753  8777  
4249  4522  623   2385  7041  
3793  6511  6701  4621  5651  
7519  1025  2001  7882  1724  
5458  5533  5381  3596  635   
8563  8530  2310  5665  9431  
5473  7149  1041  5936  1797  
8873  4076  401   3134  8751  
7925  4271  6081  201   7331  
269   8081  3678  1457  7555  
3565  112   6577  715   9181  
9760  1770  5278  2175  7161  
3841  7711  8785  2852  7081  
9210  285   38    449   4102  
7766  4617  5041  4161  519   
8609  9345  4131  916   9203  
568   4707  1910  2921  91    
6793  6075  2761  1381  5853  
9631  1525  3996  305   4295  
3917  705   701   9194  8441  
9211  1091  968   3477  7330  
7169  5901  3953  241   7777  
5555  5197  1040  5493  9799  
2649  7729  7357  3719  6102  
9581  138   3585  7026  4419  
6124  2353  9283  7596  9625  
2301  315   3914  6321  9615  
7169  3319  7631  6875  4861  
6053  5422  8453  5233  7241  
8273  7798  6477  1207  9754  
5366  9392  4443  5879  7933  
7251  5376  2764  7633  5123  
4807  7806  9623  3081  8869  
8437  981   1408  6529  3041  
8041  323   6049  2463  8844  
801   5142  8179  4241  4779  
2905  5865  9444  7825  6449  
4191  5401  8489  6971  44    
323   5597  6069  444   3973  
8058  6059  6501  6759  1277  
5285  7261  5087  7565  2421  
9361  5521  4541  661   105   
74    4426  5547  2661  8501  
505   5196  2421  2577  6849  
3204  7151  3441  2231  7136  
7861  6040  3289  8245  7029  
6157  4947  6126  4047  8708  
3841  4472  2209  8172  8960  
3593  3497  175   4049  4057  
1761  7476  2001  3901  5843  
4401  1864  8598  5280  4871  
7994  8125  3001  3737  1838  
9855  1685  5817  4355  1287  
1161  6501  3268  1900  3108  
211   5131  2331  2897  7818  
3791  9875  6575  128   9796  
7866  6611  3240  1441  7284  
4299  2801  636   881   8857  
3867  8269  623   4424  7901  
977   4341  2926  1929  3501  
210   4962  9227  5131  5059  
721   1011  2166  1959  6357  
3881  8241  5973  737   6525  
9201  4969  6196  3663  1701  
7861  6013  6601  9205  8704  
2009  2073  5716  1281  4745  
4412  9662  9441  9691  3933  
4585  2282  8963  5326  6441  
9777  1276  3277  973   8646  
4721  5089  8961  3540  4115  
6285  4997  7397  2649  9457  
2571  9661  8201  769   6911  
9282  6771  884   2521  4135  
1705  4657  9989  7379  3603  
9517  4761  9502  2075  6721  
5053  211   8616  2926  123   
9281  2177  7083  7078  8071  
7911  1154  2018  121   6557  
9689  5     7509  4258  2577  
9145  3141  8565  9222  4017  
5921  8689  3974  5649  7625  
5419  7213  3176  8159  6001  
8166  213   1103  5425  8553  
6681  97    6901  241   970   
3056  4451  5353  905   5741  
1434  6815  8163  765   3440  
1566  6785  6404  5013  3515  
60    1879  9063  2486  1423  
9200  5031  3029  156   891   
6420  8697  671   5701  3321  
2441  6101  3553  3136  3093  
8506  2995  7849  4042  6001  
8342  7895  9340  523   5366  
5745  8274  2571  9282  6951  
4989  7947  4001  384   4316  
7932  6303  3305  8537  1983  
8705  4481  3905  4201  3429  
9929  4621  2245  2110  3317  
7481  7571  2063  5105  3893  
4063  757   603   5689  2219  
8610  5089  1159  8111  7145  
2081  7221  141   6615  7517  
1141  5673  6273  7251  9161  
1449  5921  3326  8631  8977  
8361  6211  3576  928   2410  
5125  4463  2625  7043  7473  
4586  1174  7040  2993  7810  
7052  2929  9991  6601  9611  
3395  5250  6221  4985  2145  
1980  3979  4901  1777  3795  
5016  7649  6811  3599  742   
501   9681  8361  5937  9380  
5001  1847  4017  211   995   
5377  8841  3299  9291  2373  
6901  3126  2895  4425  7265  
5113  6001  1978  6431  7772  
9403  5489  9931  5429  7667  
9726  3809  3374  7504  296   
1711  8613  2819  2163  1702  
9921  757   2691  623   6781  
9569  5693  1303  6639  4873  
1280  9355  4953  833   6111  
7826  9039  2879  6543  4158  
9478  9730  7240  645   8051  
840   2596  4953  9427  4657  
9369  1849  1281  2070  7001  
9257  8111  499   3277  220   
5783  419   6317  1825  8625  
4183  2175  945   6751  3308  
4013  395   8774  6987  9063  
4179  9185  6217  4637  7605  
2616  4436  2977  2470  3447  
9750  1823  6780  8137  3165  
4057  7604  3626  7677  5909  
981   9091  1871  6646  4036  
3911  2257  7151  8041  1791  
8901  976   426   531   4641  
4966  4657  3556  5409  2351  
2378  9618  1367  499   2961  
3157  7161  1879  8897  1811  
9601  1589  9996  3401  2242  
4640  7974  616   4713  9831  
9505  1057  5513  5363  2543  
2087  517   485   3265  6715  
2665  6366  8935  2136  6425  
3585  7169  7475  4861  7543  
4766  2161  9687  4065  9864  
8079  6745  7271  9459  301   
177   8126  3052  2321  2750  
8473  8597  6423  6261  8194  
8401  773   9920  517   6664  
9359  3611  3201  9318  9621  
4456  997   6279  8309  3173  
2066  9958  1789  2730  6567  
1327  6261  1751  4011  221   
7736  4691  2243  3601  1903  
7245  7074  402   5506  3437  
8049  9786  4888  9825  6191  
4001  5869  2818  8351  5217  
1295  9221  141   4881  2579  
9183  5881  773   361   2121  
9126  8229  2507  3931  9801  
3557  497   5641  9776  6376  
1045  6203  4117  4215  4856  
7180  3088  993   1213  379   
7684  3770  5653  2105  6161  
1441  790   9662  5713  1601  
4549  9682  3579  8101  9559  
3277  8832  4361  9561  4571  
3817  6179  455   9501  4458  
1381  4923  9864  3475  5907  
3485  1899  6596  908   5867  
3134  8361  1464  7789  7089  
7407  5383  105   2139  7466  
8241  5137  8731  2705  8177  
2111  2289  4661  9604  8654  
5995  6567  1907  217   4829  
4605  3813  3881  641   2753  
1631  9481  3193  9326  3533  
4261  2687  5201  2346  1677  
3186  4935  7231  8945  1801  
4689  7105  8802  9544  2983  
289   4651  1879  3441  8870  
1193  3581  1218  6182  8501  
5157  8202  337   3997  733   
845   513   9136  4908  1617  
4881  391   2961  6346  275   
8141  4493  2061  3163  5021  
321   383   6411  2027  5219  
6913  7079  6879  9584  8954  
6464  4685  7436  2749  8491  
6141  8570  2719  712   4618  
2825  8817  6085  3181  8945  
3626  269   3761  3271  7545  
1816  9676  529   5945  6865  
5085  3009  7286  1695  8737  
3089  1988  2853  2763  5181  
9353  8289  7121  306   545   
7312  6289  1481  1351  7241  
5931  7661  249   1189  5581  
8003  3814  8473  302   4389  
2096  1981  2059  14    6119  
5567  721   3153  8385  2512  
7465  3233  1030  6401  6798  
7384  8943  5486  9409  6380  
4709  8351  641   241   7628  
5008  2841  1157  8367  4377  
7121  9961  1323  6961  3528  
8761  2385  442   2785  9339  
3471  6616  3153  8349  7301  
1589  6316  3023  8763  713   
8185  2649  2233  6369  5061  
1801  7558  573   7825  3419  
601   4171  4033  979   3181  
8954  9521  7656  9659  5989  
5638  9645  9991  1615  254   
6757  7094  873   5025  6261  
8061  9005  9511  3821  9026  
5224  8711  8756  4581  5951  
6963  3087  229   8566  6745  
2650  741   6361  9927  7537  
3171  5397  2999  1229  7741  
7901  5937  7439  199   9242  
7952  5533  4271  3941  3774  
4539  3609  9071  5521  1245  
8695  8351  3062  8009  1497  
7967  3651  735   9662  4239  
653   1473  1133  6049  2457  
3935  2370  9901  9088  8126  
8011  8577  4448  9153  2401  
9673  9076  109   9262  7503  
1216  4907  4059  1996  6201  
6303  6281  5080  6346  6739  
3161  7781  3886  1001  7185  
3689  5181  5184  6705  2945  
8721  9945  5157  6921  3466  
5831  1097  4439  5713  7818  
4982  3816  9089  8617  5341  
9384  1477  9813  1401  1581  
1117  6990  5683  7297  1071  
6662  3371  9961  7172  2257  
2812  7206  2785  4245  1993  
6061  1857  9034  1577  269   
1807  5085  9356  6206  9993  
3045  9243  6631  4048  7581  
9075  4105  5976  1728  9576  
1429  471   5816  8069  7079  
769   4541  681   2573  9261  
9943  7571  2071  899   841   
3549  2527  4575  657   4369  
5001  9672  8061  6868  9042  
5641  5345  3997  4197  7563  
873   6861  1234  625   8025  
7761  9553  3038  8561  5664  
1161  1553  1012  7537  5938  
2913  2588  6097  1369  6796  
3725  973   1593  1576  389   
3041  5209  9332  8527  9895  
1001  9573  9281  185   6213  
593   5873  7041  5801  9167  
9121  7715  2466  5937  18    
2517  1329  8379  1931  6535  
4335  3859  4796  4713  3558  
9577  5521  1433  2641  376   
1979  5831  7125  8417  6357  
8737  9025  6121  4401  3321  
8555  6895  4377  5974  9825  
6526  1417  8945  3453  1640  
7453  3225  2558  976   8517  
7101  2425  1905  9461  5476  
4141  2958  7865  689   3971  
6129  9537  2491  3776  2267  
7751  651   5333  8883  118   
81    6167  3297  4557  5793  
417   2561  5401  6025  7045  
2592  1294  5149  2401  7885  
3727  9844  673   351   1089  
6265  9515  679   9631  9276  
8811  4393  477   7579  119   
3223  4981  1341  9553  871   
5205  5748  7623  8417  8321  
5205  1232  261   8321  5269  
1721  1141  2296  3962  8321  
3407  1897  8010  3402  6826  
9141  3278  6297  7952  323   
4833  5113  6858  5348  3851  
9412  261   5768  5581  4489  
6353  8187  9935  2146  4063  
8193  5877  8713  9687  9273  
711   9468  3091  8973  2698  
1111  1159  2911  3473  3076  
5664  1679  9325  9779  2946  
5701  2351  8059  1747  5625  
3453  9501  7586  2865  1177  
2061  8701  8889  1329  7621  
7626  4745  4609  8290  5065  
6461  2568  1337  9551  6301  
7871  5387  3882  342   7461  
911   9517  4765  6565  2625  
2253  7115  1571  5659  7586  
6793  4516  6231  3671  8735  
1525  3894  5785  5841  9820  
611   143   2137  7201  6768  
871   1836  4351  8148  3979  
8281  5811  4651  3324  9297  
1454  7486  7393  3873  7605  
2068  1261  4593  6333  1849  
8511  1921  1711  7821  7299  
3629  7317  3077  5834  8088  
8341  3285  7901  7668  3979  
1991  9487  1497  8161  4161  
9337  8522  7838  7149  3613  
8241  9901  7929  473   2409  
561   3766  5245  5707  499   
5911  9989  5221  8227  9894  
7337  5387  3581  1901  1869  
1527  3701  1719  6495  881   
2607  585   8217  3601  8392  
7421  1687  7351  2321  769   
5831  9908  8885  7365  6865  
4051  866   9012  7726  1202  
1008  606   81    1718  2406  
9365  3033  2481  6409  8723  
4856  2434  339   2709  3500  
4025  9721  4043  4545  1184  
795   5825  76    121   449   
9370  8405  5672  9755  9069  
6167  1067  1953  7156  2549  
5353  884   8813  5323  4593  
4241  6161  5662  2234  8801  
4789  4162  7979  7016  859   
2881  6326  6881  8845  8945  
6874  7985  3327  7654  2278  
246   8940  186   5906  8525  
4633  5663  97    8693  321   
7721  8993  5295  1382  1411  
1463  6865  9793  8347  6561  
1681  287   1417  1287  2459  
2973  2991  8945  8694  5666  
9729  2593  8078  1263  5375  
6161  8323  2141  3211  2229  
8364  5149  9671  8623  5461  
8574  290   2764  1479  3253  
4595  2593  3189  6340  9356  
2158  8901  6198  3485  6305  
3646  301   6061  8034  2112  
4279  5015  9631  8483  5069  
3651  4741  909   7146  5985  
3726  7351  6311  8967  8221  
8069  2759  755   4337  6496  
5781  4375  9033  1801  9649  
7961  4731  4272  5926  170   
8618  6659  6965  9271  5429  
6437  8695  9506  7041  4155  
6075  3848  3381  3485  8745  
2917  8956  7773  8541  1889  
289   5547  9060  1186  7177  
6311  7717  8401  691   289   
3907  9397  4981  875   7381  
4089  6569  373   5113  8317  
5953  5925  1931  3171  2339  
8561  6329  8976  6776  2769  
3737  2789  3933  741   16    
9129  8778  581   2570  6606  
2001  1501  9605  2213  7665  
4295  4909  9077  4833  6021  
5319  6241  2651  2735  2398  
5973  5629  9161  8603  3801  
5378  13    7071  214   57    
5121  3037  7697  1009  6632  
331   4701  47    9394  2451  
8701  4017  4817  4137  4371  
48    661   2015  5966  3921  
1276  9289  5855  2328  5051  
8897  6886  9387  5147  9116  
5441  1531  3059  9869  3381  
1201  3672  9409  1411  6685  
69    6541  857   2997  6595  
4569  5092  1981  8561  8327  
57    1681  3275  2237  6228  
8041  3911  7342  3548  4625  
6719  8363  8020  3497  6346  
1121  5653  9841  865   2081  
6122  629   6001  5965  7409  
7956  3953  3257  8153  6501  
6275  3033  6433  2519  5421  
5395  2451  469   1099  507   
1365  5161  7329  7625  2883  
3011  1837  885   2925  3371  
6586  2763  8449  2826  7201  
7729  7351  1761  6497  9219  
8386  8541  429   1     5517  
6841  5457  1051  9984  9575  
8246  9169  7133  7701  7929  
2863  6021  7029  2737  3534  
9000  2485  7831  5489  5531  
7435  1007  2001  9169  7969  
4521  3155  3868  1201  9969  
5976  3947  3811  8169  7635  
8411  357   5260  5817  7932  
1371  5237  3436  689   4002  
7375  6301  4239  2177  6435  
6581  3541  4507  3323  4211  
2105  8639  107   2286  1833  
1452  8359  6785  9617  7401  
838   1937  160   3255  7281  
2929  4589  3283  6225  9938  
1974  7403  2056  835   8946  
9979  6878  529   9280  2981  
6561  1265  3939  431   5953  
7566  483   4721  1001  5401  
1930  4243  9541  1726  8193  
7693  7091  3379  6081  6983  
1601  4513  2501  3676  4841  
155   7301  8151  5487  2556  
9301  4126  5929  7241  6071  
965   773   7789  5393  421   
2367  2132  5615  8705  1627  
6455  3595  7707  7273  4544  
69    2103  8930  1721  5419  
7177  2973  1857  9081  8280  
5670  4801  8461  1509  3173  
8756  1201  7301  586   4091  
6048  9191  5183  2249  9452  
1587  1797  6401  2129  11    
9946  449   6447  9917  5571  
4468  7321  8897  2427  7375  
4725  4732  993   8203  2979  
465   8767  489   9541  2681  
1861  124   4949  4026  4325  
4126  6705  2937  2793  4233  
28    9217  7141  7276  5991  
2909  9332  5361  1151  5486  
141   9089  1873  6582  3425  
2006  8251  6564  2809  4754  
4841  1759  3270  8693  9429  
6636  3199  8481  332   3373  
3611  4849  7696  5280  8323  
1515  2751  2705  161   4049  
1690  193   1618  5036  4801  
9001  6251  3926  9671  5354  
3616  7277  3445  3859  5134  
6273  1953  8337  7704  4721  
7233  2121  6585  413   3217  
9455  9089  3439  3236  1737  
261   5056  4994  4433  4793  
2861  7756  9686  3073  2149  
6260  7233  4895  9297  18    
2873  7340  9561  2113  5249  
2587  7197  1338  6521  5761  
557   7250  7601  2537  9636  
8266  2051  6421  9076  7165  
9226  2471  8881  8160  3210  
121   2056  920   3421  1314  
8377  161   557   5693  3105  
5999  2909  3721  2751  1815  
9041  3953  4547  1640  2211  
3219  5053  3633  3638  9425  
2058  3636  6834  9035  4766  
1898  8951  199   9685  3833  
2585  6460  2821  7549  6071  
3297  2417  3445  9366  278   
3825  6201  1485  8685  521   
3881  5341  1639  7053  473   
8201  9345  6505  5555  5383  
7105  2873  769   8719  4911  
1383  8061  2883  7901  2676  
5553  5152  8845  7857  9381  
8961  8644  3281  2103  6481  
1201  9761  4011  8249  5466  
6241  4876  7101  8354  689   
1741  3893  929   4193  7781  
1145  4409  1377  3286  1654  
8600  6480  9017  1876  7805  
1922  3361  1451  2361  6017  
3953  9677  9345  7206  3285  
6098  1461  4583  8945  6576  
4523  5692  4424  1188  496   
5539  3880  1457  3353  2181  
6065  1285  6649  1865  5782  
7115  9025  5911  5103  2324  
297   3025  929   1041  3735  
5310  1473  9289  5001  3993  
3489  7492  2896  421   8234  
7811  7513  9856  7547  1439  
536   3076  3775  2944  243   
2242  5329  9857  2821  4751  
3041  7437  6497  2605  4359  
3819  442   9357  8916  4625  
241   1027  4645  8417  4913  
6965  2148  2310  1157  11    
4857  7857  3089  7088  3791  
5527  3447  1776  2684  3797  
8949  4601  4017  6141  3029  
5274  3256  4201  2098  5217  
6377  4390  4252  7991  95    
9110  3041  4036  705   236   
4561  6023  5813  9809  3611  
4861  7233  557   4968  8535  
1921  8515  5897  5505  8841  
100   8764  2951  3761  1959  
580   3693  1106  9896  5521  
3291  3763  4301  5957  3436  
1629  8073  7757  2069  3049  
8013  4061  4606  8129  1487  
2959  1887  7303  1201  4889  
6221  336   3438  4425  8259  
1919  5673  9621  6035  8905  
6797  3663  7306  9546  279   
1001  1994  9201  3497  1717  
477   9403  1581  5921  3255  
3765  9409  4087  5073  2952  
8386  907   3598  6924  2591  
7766  9033  7769  9247  8159  
9745  1401  1861  5451  5802  
4221  8495  9121  6041  9921  
4937  661   7208  9513  3537  
6571  2967  3229  9551  8810  
5739  9183  2486  8959  7196  
7334  841   7549  1803  6985  
5553  5635  3729  2571  7823  
763   8833  2245  6073  7338  
9521  5337  4808  2169  122   
2019  2708  3109  2602  5189  
1379  7531  6155  2740  958   
810   49    8737  941   3855  
2313  3139  3535  8353  4696  
4001  4417  8260  6036  8678  
3554  4691  4404  4862  7539  
4281  9901  8563  3008  9266  
2712  405   2768  3372  8925  
8211  3463  5831  5471  9585  
5971  6269  4121  485   3627  
1064  6988  8637  3829  9512  
5011  2255  445   7332  417   
6924  7261  7761  7427  8801  
4225  2523  4831  1181  1945  
3167  941   2383  1583  2686  
1875  6684  6749  3335  1472  
2577  7841  3931  6866  9471  
9781  5451  8779  8601  2341  
7185  6001  5729  441   7213  
169   1265  7398  549   9157  
7921  1243  9665  651   2406  
9784  902   8347  4423  9121  
2266  7935  5241  505   6672  
8039  986   149   750   1580  
2809  3632  2501  480   9361  
4483  3121  9113  1879  4399  
6664  4623  9929  4321  7265  
4618  7800  4929  2976  5936  
1881  1603  4473  6273  1090  
861   7951  5377  6945  3813  
4403  2413  1981  894   7237  
68    9241  5001  1081  2589  
2697  6053  5619  2471  6835  
9944  9721  1839  7047  2266  
3487  879   4709  612   5846  
3626  3201  1307  5868  9204  
4541  4440  5026  7260  2681  
7889  4377  8034  2951  6367  
7711  9993  6869  8541  8273  
6111  1270  5927  5306  636   
961   9332  3231  6595  7421  
2247  7001  8388  5961  8553  
2063  812   734   2524  7226  
5     7841  4655  3761  925   
2585  3599  2373  8271  1945  
2909  69    6615  8535  9336  
9698  1509  177   9911  7531  
673   9075  2825  9966  5169  
8257  6945  4989  7075  3198  
9061  3756  2291  8797  3753  
8218  1481  2793  9651  5788  
5291  25    2537  7252  5457  
6515  729   9981  2065  9557  
305   8337  2090  6126  5297  
3161  9183  3199  7369  8000  
9749  5764  2001  1671  2241  
4611  8371  9067  6351  3991  
4982  3101  9255  347   5753  
7748  570   303   7224  5243  
6517  503   345   7863  8401  
4631  9202  9549  1669  102   
6599  4989  3759  113   6467  
7731  5937  2753  6753  4672  
5445  631   5185  5153  5887  
9839  4048  5369  7921  6872  
2029  1310  6653  8286  2189  
5201  561   6959  5233  3841  
811   6542  8671  7937  289   
4433  2637  2681  3822  8719  
2092  7281  9821  3442  7096  
7826  7284  7845  1317  1666  
6633  2266  6820  7151  8461  
7769  8035  7121  5517  6167  
3481  7226  8304  1423  8905  
7581  8690  6226  681   5473  
7641  9711  6197  1297  116   
9113  1783  2706  9541  3905  
1451  4313  8969  4989  872   
9529  8203  2877  4285  8769  
2857  1922  2831  5314  5385  
4363  1435  601   673   481   
230   6399  1781  6109  5097  
3557  2053  3057  2637  4793  
6801  6569  7385  7361  1701  
3049  4801  2479  8741  2194  
8200  7199  1947  6683  4061  
7999  7818  6633  5023  926   
3561  5681  6531  2636  5145  
9029  708   241   786   5772  
9693  4953  8769  9399  6157  
5806  9866  3785  697   6266  
5531  9274  5793  9661  5061  
1454  7518  1     9351  764   
8379  979   2571  9486  8185  
6961  6757  2617  9745  241   
6081  5605  8585  8215  8821  
7997  4563  801   9101  9809  
7865  5617  9221  4984  1301  
2305  2736  143   9709  199   
3027  707   209   2197  3413  
7190  5985  6873  1175  392   
2501  3554  1881  1729  8531  
9421  7163  1269  1592  1982  
2141  4640  57    7575  3527  
4723  4145  9090  7683  6157  
17    2371  8382  8229  8235  
1415  6933  9056  7328  1341  
4043  8705  4581  1171  1621  
8540  3789  1204  2731  9043  
8001  5117  521   3401  2731  
9417  7793  6233  3126  977   
5185  9804  3345  141   9016  
7921  6451  5985  8975  9657  
1591  3126  5606  5751  8305  
3748  1601  1177  8901  3569  
3348  9369  8105  431   9279  
2289  3841  1189  8967  3673  
6313  8926  8265  249   8391  
7421  5070  3823  2885  456   
4701  1101  7169  5303  2897  
4323  8259  9505  1401  6672  
9141  7789  5751  8129  6606  
1001  7691  23    7633  3705  
8135  4843  6393  5606  7685  
7994  7961  3601  4161  3029  
8671  5601  2101  3834  2405  
201   3553  1329  649   7877  
855   2201  7659  4080  6501  
1018  1729  4745  769   6946  
7183  8673  5825  6801  6512  
1228  4556  9989  1232  6441  
2314  8401  6977  4967  1436  
2761  9797  2452  6681  8305  
4401  7621  9761  2799  9516  
2879  2958  2146  1255  231   
3357  5369  1641  6001  9151  
5145  2349  4201  2049  6089  
4934  6472  65    17    5539  
8097  1969  1261  5841  5251  
8721  9938  8646  6881  8499  
6865  3611  853   487   3000  
3362  3573  8572  7901  8751  
4129  5721  9633  305   2869  
5856  7057  2137  6981  2179  
8505  7150  2107  1126  678   
5501  8383  5449  8981  8581  
4401  5413  3093  8714  3017  
8656  218   7395  7950  6961  
3531  1201  2676  2859  8355  
997   3249  9241  6641  497   
6297  4985  4241  217   2451  
6003  6177  6181  381   4264  
2815  8876  1986  7191  8261  
9857  5126  3866  8353  4241  
8505  3029  7009  2619  2225  
241   7321  1751  9501  9629  
6132  2413  7960  7117  929   
5772  8297  3246  3149  107   
3641  3007  2513  9545  7563  
7861  3294  7141  6345  371   
30    8237  5641  7821  824   
3131  1027  6665  9341  7537  
9301  42    2201  5499  7656  
2021  3751  8431  9901  2803  
8541  9897  5697  8821  1385  
1101  336   4371  2852  6969  
8431  8901  7617  828   1540  
8085  5605  8603  8433  7073  
2719  1029  4325  3917  9827  
9489  3426  5649  7863  8141  
7042  2316  6157  3976  3118  
3805  2201  9201  5713  1381  
1133  5833  3625  1165  1742  
6449  6061  1063  9361  593   
5465  7939  8481  6365  101   
265   41    7866  4765  5351  
1621  3546  2434  8247  2171  
1617  849   7326  4961  9438  
1921  7189  7633  6681  5101  
9739  2306  6369  7121  4358  
4909  4594  8577  5796  5906  
3666  8033  6121  6976  8397  
3201  7851  84    2625  6024  
9581  4251  5585  29    8528  
3249  6768  5109  1953  9535  
961   8591  9556  3946  3935  
2047  7161  9207  5474  2663  
7692  3201  4461  4781  529   
3291  8703  4561  2551  5789  
7191  4193  9001  6025  3721  
361   4759  1384  5961  4553  
1961  6807  5021  342   5561  
7641  1185  2149  3085  7899  
2660  5467  886   2673  9229  
2503  1521  3105  6392  225   
2873  9475  1366  9809  9663  
5841  977   1941  2449  3301  
5273  2513  4761  2803  9201  
1590  4387  4549  1785  5281  
6026  6606  9649  8893  2159  
1273  2345  1403  7881  3631  
9936  1     2136  7824  7830  
3921  6197  8433  5175  6091  
1081  4211  6093  8986  3177  
5121  3703  1876  9341  563   
8201  497   6647  4577  1921  
4289  6289  5102  1485  6818  
6833  9365  8729  2073  9071  
4046  4152  8967  8773  5591  
8090  5321  1129  7945  5863  
4803  293   6761  8155  3235  
3210  6598  915   9394  1723  
7497  1671  2241  8076  9438  
7281  227   4157  9195  3386  
9171  7606  3571  43    4292  
8071  6689  2731  1673  9337  
1461  5071  2436  7293  1887  
6443  676   2941  3511  281   
5357  5625  9634  5161  1751  
5981  5605  1996  8646  1250  
877   2447  4027  9295  3401  
2161  33    1973  3139  4105  
2705  7307  9087  5535  5441  
8465  4341  7337  7507  1756  
549   894   7623  6481  1461  
7857  2406  8449  7636  9300  
1678  1879  3937  1791  2001  
2217  5363  6786  3923  8823  
4739  5798  2161  4891  7201  
681   8501  3899  5341  1311  
626   5569  7975  7899  3892  
5545  8082  8026  4302  4352  
6491  5709  8679  721   5847  
8038  329   1     3791  8665  
6553  401   5001  9552  1721  
9721  5721  6222  3717  4657  
3363  8234  8460  1013  2290  
737   1221  9181  2455  8481  
3676  8196  2477  6001  2921  
3553  929   7453  7041  3649  
7645  2955  6192  5320  8089  
4735  1601  7490  6483  5607  
5401  7415  3753  7538  1325  
9671  8829  2986  7809  3745  
5448  1152  6461  3166  5356  
7608  8259  7484  4209  3454  
1959  8359  6466  3126  1937  
6977  9611  2457  6621  146   
1481  9621  2369  4017  7126  
6996  2303  2961  4641  9864  
5793  8856  465   1677  4449  
2593  3355  8221  2431  2141  
5454  2238  305   147   4313  
7294  6604  7508  3745  6705  
4781  2785  7676  6345  3050  
4611  7425  9093  3489  6145  
440   4426  2664  2997  5841  
1541  5746  5861  4391  2439  
8993  5615  5047  2543  119   
5445  2645  5020  7116  3888  
3273  3137  477   8341  1857  
9994  8955  181   5885  5761  
5361  2164  5601  5859  1576  
1853  4157  1233  2561  9076  
5643  3441  7499  634   8601  
793   1783  3497  489   5031  
7799  8792  8713  3155  1241  
4939  6921  5362  5376  9679  
4993  1206  8338  4416  5766  
2671  4791  4814  381   4187  
5301  861   6796  2677  1121  
9985  3304  369   2024  4213  
4196  1885  2621  7371  9521  
6021  4817  6629  9964  5611  
3489  6049  9315  2805  4417  
8291  8697  4005  5186  5966  
6001  1109  4327  9637  443   
4381  3681  2768  6781  1580  
7793  2114  6547  6026  2817  
8869  2665  6099  2198  4605  
6715  3688  1665  6121  4809  
5543  4861  9755  3649  4511  
6531  6501  8892  331   2765  
7477  5276  9137  5853  7847  
9001  7236  8381  6705  3873  
2201  177   6266  3231  1581  
6467  9327  7877  3557  7397  
4769  4208  89    9901  1350  
2587  7108  6679  8028  2540  
1809  5789  5457  2265  5041  
7204  6368  7468  5838  5569  
9256  9506  8351  4926  2567  
945   1196  3137  3057  6865  
8056  8033  4013  4401  8551  
1796  8305  4481  3789  1206  
853   6761  3655  7261  9865  
3355  2599  8297  1923  5696  
4011  4023  487   2145  3406  
9673  9252  716   3652  8890  
4763  6466  7040  8145  4785  
5149  1181  291   5272  3325  
729   3851  1629  8734  6641  
4611  6637  9685  1348  4541  
3083  8995  8431  2457  8961  
2521  6982  7063  8166  4011  
1275  1640  1202  5029  5234  
2146  245   4513  788   7319  
2626  4812  8925  7070  9677  
2438  8913  8883  1990  9089  
4211  1997  8391  2769  6001  
6561  6923  1131  488   225   
3685  2870  2289  5063  2521  
2261  531   1811  3029  2323  
3948  7545  6723  2185  9997  
3577  6523  3499  1905  2797  
8863  1511  3446  881   65    
4251  2211  3135  6251  6183  
51    9169  2097  5697  4541  
2241  6337  5086  6401  5556  
4393  5151  8993  4047  7951  
2886  729   6357  940   3735  
3226  9067  9208  1769  2913  
3734  7386  1961  2413  7301  
1388  2497  2321  2772  449   
4657  4889  8245  8171  1573  
4101  7137  3809  7089  7091  
9483  4817  3581  3723  4415  
7505  6661  8161  621   9122  
353   3651  6014  1313  5541  
8106  1476  9801  9148  5666  
3529  2018  6953  3675  3451  
8641  7435  8819  1413  7645  
5921  9528  497   4953  2193  
6020  6377  2425  6553  4361  
4669  3533  9937  3727  9581  
9301  4850  1279  5076  4065  
2253  5953  1989  9061  1457  
645   1609  2027  9121  8571  
2261  4541  4953  8275  161   
5740  7835  8657  3325  7926  
1337  2449  8762  3097  5674  
6687  601   4451  8366  7471  
7873  731   5873  3061  3849  
635   5333  1417  5976  2569  
1871  2957  353   1361  8561  
5493  2206  9729  7101  1530  
5368  5015  3527  1809  688   
841   2938  9855  2601  6531  
8438  2124  3614  6168  7705  
3710  4545  7675  4040  4673  
4865  6239  7036  6251  2257  
5073  3425  6445  5931  4247  
6376  3733  9294  4949  8851  
6251  985   5358  7120  3950  
6373  1011  631   6968  3947  
3801  1071  2814  6105  5847  
2339  7869  874   9171  3745  
8433  1138  6779  5565  4396  
7493  5143  6520  6826  7553  
2938  8693  4221  8500  8565  
5761  3566  1495  3200  2102  
1465  3521  7913  8072  7436  
8263  6177  838   8392  4167  
1709  8001  8141  3019  683   
1105  7595  8908  5682  2785  
4001  9537  652   4526  7651  
7127  1802  6929  3568  1222  
741   9101  7426  8977  3361  
381   1981  4011  8609  1061  
4461  3830  7438  3025  6577  
5616  4489  5853  3771  3119  
8106  8638  9197  1475  6991  
8365  4711  5284  8747  5963  
7807  2773  9501  2026  8453  
6941  4557  2136  9917  9490  
3277  1225  9805  9189  5029  
446   2181  9073  161   4851  
5541  8055  6196  6980  1225  
6385  5089  9677  2199  2613  
2418  3711  9205  6613  3516  
6341  531   4095  3084  8273  
3210  9674  4093  4313  7371  
6848  8849  1951  4153  6129  
5641  8065  2737  7939  2949  
9449  2713  7919  8403  3381  
2493  1812  5533  5341  4661  
5959  886   327   3958  5776  
563   6130  2225  2148  3129  
8695  741   8355  5401  581   
6931  7429  8749  601   6545  
8715  7661  3057  888   7097  
4261  6368  6817  1961  5046  
4681  6498  7240  351   3729  
9741  3297  6018  4211  3621  
5     8601  2457  8211  2589  
7016  241   366   4633  871   
3521  833   9153  6421  5281  
1901  4577  1271  6414  5923  
1001  9463  8801  3131  9315  
45    6377  8438  2345  9169  
2027  7238  8587  601   6851  
7901  1897  7783  3187  4561  
3569  9473  5894  2217  2081  
8109  7040  7147  8351  1649  
537   7246  8425  558   6591  
5945  439   5678  7633  8601  
8399  5001  5166  8854  6311  
8501  1701  6903  7989  9601  
6649  7361  7434  2301  9377  
1985  6057  3136  9597  8161  
5061  9529  6798  7611  9708  
9555  9481  9385  3867  8921  
2859  4165  8525  6054  5665  
4296  8069  5358  7611  683   
248   3453  4657  8937  3507  
2851  5003  1086  5991  332   
4131  2558  7077  21    3973  
1947  5232  8151  8775  815   
3285  5187  9536  6753  6714  
7643  9341  3581  3256  361   
2321  1257  9348  6661  421   
2272  5556  979   9281  6181  
4561  2756  6701  6475  3207  
8017  416   8101  2777  5001  
9165  736   7758  6537  4529  
3601  8121  1553  7238  2561  
7825  740   2994  10000 1921  
2790  5812  7689  401   3897  
7413  5920  6851  2655  1884  
9921  8225  5841  2434  6786  
8293  8547  7501  29    7286  
9057  7610  1300  514   5757  
176   4738  8553  3377  9377  
2667  5251  2926  776   8126  
309   9071  9301  4141  5501  
9577  2771  9256  3320  8501  
3801  861   475   2911  6201  
8859  8123  9681  9684  576   
6867  1170  1069  4677  3259  
2595  3268  97    9097  4276  
9906  9813  4117  3869  916   
3731  7337  2622  5769  5833  
1983  7291  7175  9761  7721  
1557  5801  3724  7217  981   
3127  8950  2038  7801  6251  
9493  220   5031  9886  9959  
330   2767  9399  2957  1849  
3845  2209  733   5253  1237  
1855  9263  7625  9426  193   
1081  8541  4801  1807  2673  
1847  6369  2847  7573  2671  
5861  295   5731  3867  9591  
2721  2405  746   1427  6186  
7155  1073  3836  5460  9690  
1411  2256  2744  6715  5125  
2033  4753  8702  1882  5259  
2697  4261  5747  1697  2551  
5131  398   2294  4721  3742  
3216  2665  5845  797   8457  
6961  2431  8791  2394  7191  
7053  9281  4011  3682  4751  
1458  8933  5709  9821  6326  
9329  7436  3086  3521  2601  
2028  41    9069  7461  1843  
5105  8639  3035  545   9401  
1043  9913  6211  5788  650   
8475  9035  5965  4633  9951  
9171  819   7253  6324  457   
1097  1781  244   3369  678   
3219  3278  6571  6455  9001  
3915  6763  5221  2029  7177  
2205  2405  9221  5689  5449  
5406  4527  8176  181   431   
799   7021  4001  4495  2067  
6121  1287  4273  3724  4406  
3394  17    4529  2545  1353  
6585  7761  1017  1985  4693  
5163  2241  5034  5322  7041  
9696  57    5101  4409  449   
6176  5501  2885  186   1397  
6399  2099  4186  2021  8561  
949   3545  6223  2380  9097  
8961  4576  6033  541   5026  
3573  651   5301  8717  9021  
5041  3950  4421  3599  7277  
4276  4801  7661  7453  4721  
8461  1169  873   6561  1989  
5253  3351  5617  1445  7313  
7277  5719  6249  7311  7201  
5609  7161  6881  1826  8535  
5345  5161  3936  7608  8209  
6881  2809  203   6181  7789  
8010  4004  9259  8079  8689  
4404  9061  5591  5403  877   
6821  1673  6061  2669  6004  
6145  6965  9461  2253  2937  
5725  9125  1206  8332  3549  
1881  7248  7751  2201  4165  
5313  8795  193   9693  4089  
3825  8581  5776  7862  6948  
4797  7961  7354  7845  429   
4801  2885  7071  3493  5032  
6999  5297  4057  4609  7111  
7281  8021  2077  5981  8850  
4836  891   6609  7012  727   
2803  2745  6523  7843  1906  
8077  7631  9365  7429  1199  
4080  1441  247   793   6339  
5747  5120  2917  1229  1985  
859   8097  3651  6245  4027  
8737  7388  1593  3041  9202  
8681  1446  2825  7259  8761  
1497  2239  8454  7801  569   
4726  6041  8776  7929  4827  
1889  3401  445   3585  7721  
336   6209  7621  4995  4593  
81    1377  5061  3275  422   
1955  2675  4547  2529  309   
8296  4426  3571  7501  603   
8497  1564  5356  6091  5625  
8355  9707  2049  5517  761   
9365  5228  598   6166  9261  
1101  4195  1513  8297  2822  
5392  1620  6153  9076  2303  
8723  7045  4151  4474  2233  
2485  291   797   6124  3383  
6891  9986  8616  5837  782   
7313  8001  7699  890   4681  
5246  6253  6408  577   7290  
709   9213  7223  419   4756  
8689  8936  8753  8341  781   
3100  7851  9439  4669  5273  
5179  137   6651  4148  5343  
4833  2630  2837  221   2935  
1921  6969  6511  9669  2627  
5659  7049  3841  5223  8801  
2093  6449  4261  8323  7736  
1021  8476  8561  1181  36    
2257  8038  8877  1951  6051  
6007  8776  5426  7553  3971  
6961  9205  9401  8351  5292  
7601  6795  9754  6500  6821  
280   9809  1576  4921  3605  
1037  9031  257   3305  8837  
9401  8745  8715  3321  8481  
6948  5007  361   4653  3857  
4801  9494  3396  4889  7492  
685   8099  3109  3657  2449  
6393  5944  6481  6593  5165  
3616  6993  5737  2665  8991  
9089  9851  2617  7361  7652  
6085  2483  3857  8393  7277  
1821  6866  2189  4846  8644  
1369  5873  8821  8424  2839  
3535  2621  3001  1116  9901  
2801  8435  6101  737   8348  
1646  3720  5173  3561  9079  
1441  8342  2722  9733  5268  
8232  9741  7977  2821  201   
759   4542  1629  4995  5856  
116   2211  7489  3366  7079  
9065  7697  6338  3237  7911  
7890  9667  4821  9001  3166  
5268  7886  2281  665   7251  
581   6231  945   4859  2860  
7566  2019  3776  8561  2364  
4612  7601  5131  2675  6905  
3883  7033  3841  1743  249   
8657  9473  2075  6187  2641  
4885  921   1377  7445  2093  
337   813   5465  2180  7534  
8195  2679  4325  9806  7977  
1     1345  7476  5637  3393  
7851  7889  7659  7501  1471  
981   545   2803  3135  5504  
8897  1985  9870  1761  4944  
6664  1222  5257  409   2794  
6401  5025  4289  8387  2909  
357   8392  9876  9795  1090  
7097  4185  5831  6234  3665  
9949  7669  198   4081  5580  
2127  4481  6272  2623  8097  
1193  8811  5381  9653  2087  
6111  9483  8856  1371  2253  
9421  4976  7941  5831  3461  
4556  8283  882   6541  3077  
2954  2765  4281  6485  4905  
7241  5244  7847  4961  7553  
4266  1601  4979  7439  2865  
1297  4501  8753  3154  6100  
8881  162   8381  8433  1651  
1425  4153  4603  9961  9069  
8761  7219  4808  9736  3153  
3541  4563  5830  2914  9041  
6741  7641  8320  3026  673   
5654  1553  873   971   931   
8961  7116  4277  9773  7637  
9659  1048  1413  1303  6255  
9163  7092  7365  9151  705   
3657  8540  9081  9403  3145  
9401  6742  8073  2509  2033  
3202  3126  2817  7265  6508  
4661  9601  4896  1406  9329  
308   4130  1408  1999  5281  
5833  5093  9551  6573  4433  
597   3281  4558  5151  3097  
2727  3217  8473  4961  2609  
8068  5104  5833  646   6776  
3805  3818  485   8076  7877  
1015  7289  321   6744  3595  
6259  1221  7141  8391  2471  
6501  2289  5451  421   2225  
8303  4737  9017  5501  6929  
9304  7530  1308  2444  7261  
6936  5706  7694  9533  401   
521   4933  1451  8417  9921  
5959  8027  4783  6057  2902  
801   6395  8709  9221  9481  
4923  3769  3471  832   2449  
5608  1460  1089  3411  7393  
223   9376  7125  1811  9557  
5911  9131  9143  5519  8181  
4441  3291  9969  7729  1797  
9057  1001  6537  8449  7429  
251   4735  225   2513  3232  
2091  2841  5721  3958  4977  
1540  1350  687   8743  5608  
779   159   9461  2265  2486  
6781  5447  2501  6721  5022  
1191  9318  8841  5546  9179  
4145  829   8109  153   1801  
3496  1943  6633  6315  705   
6737  7657  7841  3000  4705  
7310  6989  8697  7291  8028  
8835  8030  2528  111   7854  
8865  6001  8826  8622  675   
8045  5561  1837  8651  3834  
4101  3751  5687  7684  2265  
8463  8016  1271  9470  7301  
5105  2561  8553  6274  5057  
9359  2461  9316  3525  9525  
8917  895   7811  707   2433  
895   3785  1226  7841  759   
7883  8400  541   1301  7153  
1691  4629  7653  3811  1445  
7431  7877  9593  3234  7433  
9824  4615  8705  3913  9921  
5032  5823  5891  2736  705   
3273  3971  4585  6510  933   
5221  5461  2097  3873  932   
3696  741   1220  4573  2317  
9536  5162  7489  601   2241  
8673  2469  3991  9593  8809  
4753  2041  2501  3081  7889  
3733  5231  5241  1463  3243  
2222  4366  9701  1921  4612  
5857  1067  5549  153   2509  
8221  6493  8083  5707  7521  
2993  6508  7525  765   8257  
2191  7347  9805  4321  1515  
5406  741   9229  1841  2491  
4576  5239  4280  2121  4856  
9957  6997  5960  9763  364   
2069  6501  5066  6111  6141  
7773  2737  7706  1016  4870  
7520  8383  8083  1547  5803  
8167  9225  8767  677   746   
7471  6801  1631  9717  8657  
6661  6313  9662  7209  8662  
1911  1809  2158  1709  9979  
2608  611   4022  8551  8251  
4577  1347  1961  9783  6754  
8181  1963  3464  6649  5345  
2741  4529  9197  5591  9102  
5670  2237  6424  9813  9881  
8485  3031  3128  7059  6307  
7256  9441  2291  3141  3259  
3753  6160  7350  1523  7552  
3234  1906  7617  9166  4707  
2996  3247  777   7489  9203  
801   8001  9361  3663  8785  
122   2676  5880  2971  7251  
9773  3855  2296  2072  6261  
8582  8569  9211  6769  1712  
6781  4143  3613  1076  3279  
6985  431   6867  8019  1741  
7446  9201  9385  8273  8017  
3241  2802  1307  1223  6656  
4531  2661  6001  2077  531   
6525  2926  7966  7769  843   
8161  4537  4048  4460  4324  
8853  5092  1531  1359  5221  
1521  3171  3086  4121  6561  
4955  6101  8331  6901  4211  
5437  5253  8257  7786  761   
3175  8330  4369  5241  9008  
3947  5622  565   9737  9305  
4811  739   5565  2193  6691  
6043  6070  281   1578  9991  
3389  3201  2957  8292  4105  
8001  6027  4067  5330  3629  
2844  1302  2189  1548  7629  
5929  679   3861  9853  9457  
8861  8273  6483  2776  3161  
74    1089  9006  2519  5676  
7336  4561  1101  1965  9897  
4545  4101  7369  3667  81    
8051  9170  1473  2742  2751  
8913  8650  7642  2077  9869  
3489  9921  6691  9823  6961  
8777  1701  6143  2890  2844  
1659  993   8069  3557  3553  
2861  9417  6261  641   4501  
5793  4524  8961  2621  1355  
8963  2759  821   7675  2180  
1209  2069  7161  7938  300   
6289  5979  9049  7376  9625  
7091  3846  6826  1141  3861  
9257  7577  3142  7925  901   
2738  7820  5704  603   4006  
7393  1473  5981  2596  3141  
8555  9101  713   3061  7897  
7363  5841  5655  1686  3985  
2753  7463  3569  8421  1816  
8542  9086  9939  351   1603  
3076  6321  1867  507   5953  
9665  5353  9501  3968  8959  
4816  5847  2708  8683  6254  
289   1826  1796  6702  6529  
1009  6969  4852  9397  7073  
1289  5807  8317  9321  561   
2913  6293  9310  6710  6893  
6551  109   9725  8251  2096  
8180  5489  2802  8860  1161  
5503  4751  2341  1407  6497  
7183  1586  476   8425  2567  
4019  6261  7123  5957  5309  
5747  3251  5401  7876  5075  
6590  2585  1843  7316  2472  
9921  6171  6197  6357  6061  
8491  5166  1773  2709  295   
5660  4053  5401  1962  6743  
9201  8717  176   3829  2321  
9927  9800  5426  8403  9244  
8474  3898  5125  2281  861   
129   7704  226   487   9586  
7225  8667  5322  2896  321   
2153  2770  5581  9973  3401  
4401  6065  5211  9438  5737  
2903  3073  8331  5220  547   
181   456   6045  1250  1481  
4321  9489  8823  9921  7801  
2578  8948  417   4488  127   
3483  4132  7095  8473  3212  
9793  2097  4856  9181  8382  
3589  314   9771  7800  6783  
4806  5884  2741  9158  3745  
5507  6081  9350  4541  6033  
1886  2410  4397  6801  6661  
7744  8033  8497  2915  3319  
2489  7496  8157  3079  1801  
2401  3278  5440  8779  8321  
5878  4739  7315  6983  8497  
3109  1449  8609  909   4500  
6291  805   3141  3582  8689  
5347  1041  4273  2741  5021  
1970  5012  6976  2570  866   
8168  4839  3795  5809  6586  
6321  2325  9151  4401  9838  
7281  8561  6449  883   7135  
1791  6301  3061  5203  4481  
4462  7113  3235  4227  913   
7865  8865  7137  9881  8021  
1211  6475  8641  9700  295   
8415  2051  1351  9336  7865  
7151  4579  2481  3697  280   
6518  7761  8326  9267  4613  
7181  1649  9468  4691  7880  
4159  8605  8611  8919  4926  
3176  8491  4217  7456  5406  
7306  2193  9696  1901  8321  
9006  1901  6241  6117  6601  
2536  5821  9356  2696  4293  
5205  5421  2052  3617  6723  
3673  7681  3626  5041  955   
4245  7953  1551  8161  9681  
8501  2251  2827  7313  6275  
9761  9321  3911  7009  2993  
4114  167   5195  3353  6611  
5711  707   1178  7779  7401  
7649  6907  580   3776  4578  
5386  3658  8661  5388  5701  
7817  2505  4609  1377  7333  
2659  2493  5673  7556  582   
6531  8241  7765  7501  4808  
1576  3628  8727  2863  4884  
7151  3449  6783  3119  4183  
2059  5188  3471  2553  237   
5101  9467  9137  6357  9061  
7727  7551  2584  833   4255  
7828  2757  3637  3353  93    
4705  8731  1200  7845  9065  
6408  2451  2719  5621  3583  
3411  8305  1196  5941  479   
7091  1276  4307  4849  6018  
7727  6105  1789  7371  3031  
7231  1097  9186  4175  7025  
6138  5041  7461  9123  5166  
3236  6921  7748  5021  3761  
579   8079  369   4871  7599  
6901  2493  1390  8100  1551  
4589  9043  4687  6617  171   
1157  4154  6581  3537  8129  
6641  8777  3501  4847  8803  
5187  8001  3993  8065  6175  
4561  5910  2051  5929  3111  
4175  2896  3950  5831  9806  
6015  1821  9762  135   1651  
6122  4876  4614  7313  5201  
2997  1905  7681  4773  861   
4209  5431  5376  4761  1672  
9265  3043  3821  1623  6106  
9491  6457  1116  6905  2041  
727   2156  3259  7364  9959  
5399  1021  8771  3646  1581  
4297  6461  6090  6364  7913  
6201  1601  9903  8529  9863  
9408  1751  1761  1813  2626  

