1     1     1     1     1     
1     3     4     6     7     
9     11    11    13    19    
21    21    21    23    25    
29    30    31    31    34    
38    42    43    45    47    
51    51    51    53    55    
56    57    61    62    63    
65    67    67    68    68    
70    71    71    71    71    
73    74    75    76    76    
78    79    79    81    81    
81    87    89    91    92    
95    97    99    101   101   
104   112   113   115   116   
116   119   119   121   121   
121   121   127   128   131   
133   136   136   137   140   
141   141   145   145   145   
145   157   158   159   159   
160   161   161   163   171   
173   175   176   176   177   
181   181   181   181   181   
182   184   185   189   191   
191   193   194   195   195   
201   203   205   206   206   
209   209   209   211   213   
215   216   219   221   222   
224   225   226   228   229   
231   233   233   233   237   
239   239   241   241   241   
241   241   244   246   247   
251   252   255   256   257   
259   259   260   261   263   
263   264   266   267   269   
269   269   271   272   273   
273   273   275   276   279   
279   281   281   281   281   
281   283   290   293   294   
294   296   299   301   301   
301   301   302   305   305   
305   309   311   315   317   
318   319   321   322   326   
326   329   329   329   329   
330   331   331   337   337   
337   337   345   349   349   
351   353   353   355   357   
358   358   361   361   361   
361   361   363   364   365   
365   366   371   373   376   
377   379   381   382   382   
385   385   385   385   391   
391   392   393   395   399   
401   401   401   401   401   
406   408   409   409   411   
411   417   417   420   421   
421   421   421   421   424   
425   425   426   429   431   
431   431   432   433   433   
433   436   437   440   441   
441   441   441   442   443   
445   446   446   447   449   
449   451   451   453   457   
457   457   457   461   461   
461   465   465   465   467   
468   470   474   475   475   
476   477   481   481   481   
481   481   481   481   481   
483   486   486   489   490   
491   492   495   496   497   
498   498   501   501   501   
501   501   502   505   506   
506   507   509   511   511   
516   516   517   519   521   
523   526   526   526   527   
529   533   533   535   535   
536   537   538   541   545   
546   546   546   547   549   
549   551   551   551   551   
554   554   556   557   557   
557   560   561   561   561   
561   562   565   566   567   
568   569   570   571   571   
573   577   577   577   579   
584   585   587   587   588   
589   591   595   596   597   
597   597   597   597   597   
599   601   601   601   602   
605   609   613   613   615   
617   617   617   619   621   
622   625   625   626   626   
626   629   633   634   637   
639   641   641   641   643   
650   651   656   657   657   
662   662   663   664   666   
667   671   673   673   674   
676   677   681   681   685   
687   689   689   689   689   
695   699   701   701   705   
711   711   711   713   716   
719   721   726   727   728   
729   731   731   732   732   
735   739   741   741   742   
743   745   745   748   749   
749   751   751   752   753   
753   754   756   760   760   
761   761   764   765   769   
769   771   771   771   773   
773   775   775   775   779   
781   781   785   785   785   
785   785   786   791   793   
796   799   801   801   801   
801   801   801   804   809   
809   809   811   811   821   
821   827   827   829   831   
831   840   841   849   856   
858   860   862   865   865   
865   865   866   867   869   
871   871   871   875   876   
876   877   878   879   879   
881   881   881   881   885   
885   885   889   889   889   
889   891   893   897   901   
901   902   902   903   906   
907   907   909   909   913   
914   915   916   916   916   
917   919   921   921   923   
924   925   925   928   928   
931   936   941   941   945   
947   949   949   951   951   
953   953   953   955   957   
959   963   964   966   972   
977   978   978   979   980   
981   981   989   989   991   
993   1001  1001  1002  1003  
1003  1003  1005  1006  1007  
1007  1008  1009  1009  1011  
1011  1011  1012  1013  1014  
1016  1016  1020  1021  1023  
1025  1025  1026  1027  1029  
1030  1033  1033  1034  1036  
1037  1037  1037  1037  1039  
1041  1041  1041  1042  1045  
1047  1049  1051  1057  1058  
1061  1061  1061  1063  1064  
1065  1066  1066  1069  1073  
1073  1074  1075  1076  1081  
1081  1083  1083  1085  1089  
1089  1091  1093  1093  1094  
1096  1099  1105  1105  1106  
1109  1111  1111  1111  1111  
1113  1113  1115  1116  1116  
1117  1121  1121  1123  1125  
1126  1127  1127  1129  1129  
1129  1131  1135  1135  1137  
1141  1141  1146  1149  1149  
1149  1149  1151  1151  1153  
1158  1159  1161  1173  1173  
1177  1177  1177  1178  1180  
1181  1181  1181  1185  1185  
1185  1190  1193  1194  1200  
1201  1201  1201  1201  1201  
1201  1201  1201  1201  1201  
1203  1205  1205  1205  1208  
1209  1211  1217  1217  1217  
1218  1218  1219  1219  1221  
1224  1225  1227  1231  1233  
1233  1235  1236  1241  1241  
1242  1243  1245  1245  1246  
1251  1251  1251  1251  1253  
1253  1253  1253  1255  1257  
1257  1259  1259  1259  1259  
1262  1263  1264  1265  1265  
1265  1265  1265  1269  1271  
1273  1273  1274  1274  1275  
1276  1276  1277  1281  1281  
1281  1281  1281  1284  1285  
1287  1289  1289  1290  1291  
1291  1292  1296  1296  1301  
1301  1303  1304  1311  1317  
1321  1321  1321  1322  1324  
1325  1327  1331  1332  1339  
1341  1341  1345  1345  1346  
1347  1351  1351  1353  1361  
1361  1361  1363  1366  1371  
1373  1374  1375  1375  1375  
1375  1377  1381  1381  1383  
1384  1389  1389  1391  1393  
1395  1396  1398  1401  1401  
1403  1406  1407  1407  1409  
1411  1413  1413  1416  1416  
1417  1417  1417  1418  1419  
1421  1421  1422  1423  1425  
1426  1429  1430  1433  1435  
1435  1436  1436  1436  1437  
1439  1439  1439  1441  1442  
1444  1445  1446  1447  1449  
1451  1451  1455  1455  1457  
1457  1457  1457  1457  1458  
1461  1461  1461  1465  1466  
1466  1467  1471  1471  1475  
1481  1481  1481  1481  1483  
1483  1484  1489  1489  1491  
1491  1493  1496  1497  1497  
1497  1497  1499  1501  1501  
1501  1503  1503  1505  1505  
1505  1506  1507  1509  1509  
1511  1517  1521  1521  1525  
1525  1527  1529  1529  1530  
1532  1535  1536  1537  1537  
1538  1541  1543  1544  1545  
1551  1552  1553  1553  1553  
1561  1561  1561  1565  1565  
1569  1570  1570  1574  1579  
1579  1581  1587  1589  1589  
1589  1589  1591  1591  1595  
1596  1597  1600  1601  1601  
1601  1601  1601  1601  1601  
1601  1605  1605  1607  1607  
1608  1609  1609  1609  1611  
1611  1613  1615  1616  1617  
1619  1621  1621  1622  1625  
1626  1627  1631  1632  1634  
1636  1637  1637  1640  1641  
1641  1643  1643  1646  1647  
1647  1647  1649  1649  1649  
1651  1651  1653  1657  1657  
1658  1658  1659  1660  1661  
1661  1661  1665  1669  1671  
1671  1671  1672  1672  1674  
1674  1675  1675  1677  1679  
1681  1681  1681  1681  1681  
1690  1691  1691  1696  1697  
1697  1697  1697  1699  1699  
1701  1701  1705  1705  1706  
1706  1709  1710  1711  1714  
1716  1721  1721  1723  1726  
1726  1727  1730  1731  1731  
1740  1741  1741  1741  1749  
1751  1751  1751  1752  1752  
1753  1754  1761  1761  1763  
1765  1766  1769  1769  1769  
1771  1773  1777  1777  1781  
1783  1784  1786  1786  1790  
1791  1793  1793  1793  1798  
1799  1800  1801  1803  1805  
1805  1806  1806  1807  1808  
1808  1809  1811  1811  1811  
1817  1819  1821  1825  1829  
1830  1831  1831  1833  1836  
1836  1838  1839  1839  1839  
1841  1841  1841  1841  1843  
1843  1843  1844  1845  1846  
1849  1851  1851  1856  1856  
1857  1857  1857  1863  1866  
1867  1868  1871  1873  1873  
1875  1877  1878  1881  1884  
1885  1889  1889  1892  1893  
1896  1896  1897  1897  1900  
1901  1902  1903  1904  1904  
1905  1905  1905  1906  1909  
1910  1913  1913  1917  1917  
1919  1919  1920  1921  1921  
1921  1921  1926  1929  1929  
1929  1930  1931  1931  1935  
1937  1937  1939  1944  1945  
1945  1947  1950  1951  1951  
1951  1951  1953  1953  1953  
1954  1958  1961  1961  1963  
1964  1970  1971  1971  1972  
1973  1975  1976  1976  1977  
1977  1978  1979  1982  1987  
1989  1990  1991  2000  2001  
2001  2001  2001  2001  2006  
2009  2011  2011  2019  2020  
2022  2022  2022  2025  2025  
2028  2028  2030  2033  2033  
2033  2033  2035  2036  2037  
2039  2040  2041  2043  2044  
2047  2049  2051  2051  2053  
2056  2056  2056  2057  2058  
2061  2061  2064  2066  2068  
2070  2071  2076  2077  2079  
2079  2079  2079  2079  2081  
2081  2081  2081  2081  2081  
2081  2082  2087  2088  2089  
2089  2090  2091  2091  2092  
2093  2093  2097  2097  2099  
2101  2101  2101  2101  2104  
2104  2105  2106  2106  2107  
2107  2114  2121  2122  2123  
2123  2125  2125  2127  2129  
2131  2141  2142  2143  2143  
2144  2145  2145  2146  2148  
2149  2149  2151  2153  2154  
2155  2155  2156  2157  2157  
2164  2168  2169  2169  2172  
2173  2173  2174  2177  2177  
2177  2177  2179  2181  2181  
2185  2185  2186  2187  2189  
2197  2197  2200  2201  2201  
2201  2205  2205  2205  2209  
2209  2209  2211  2214  2214  
2217  2217  2217  2221  2221  
2225  2225  2225  2225  2226  
2227  2227  2229  2235  2235  
2236  2239  2241  2241  2241  
2241  2241  2241  2243  2246  
2247  2249  2251  2251  2251  
2251  2251  2253  2253  2254  
2256  2257  2261  2261  2263  
2265  2265  2265  2268  2270  
2271  2273  2276  2278  2282  
2283  2283  2287  2289  2289  
2294  2295  2296  2297  2302  
2303  2306  2308  2311  2311  
2313  2315  2316  2317  2320  
2321  2322  2322  2323  2326  
2327  2328  2328  2329  2331  
2331  2336  2337  2338  2341  
2345  2349  2351  2352  2353  
2354  2355  2359  2361  2364  
2366  2372  2374  2375  2376  
2376  2377  2378  2381  2382  
2385  2385  2385  2386  2388  
2389  2389  2393  2397  2397  
2400  2401  2401  2401  2401  
2401  2408  2409  2409  2409  
2411  2413  2413  2415  2417  
2417  2418  2421  2421  2425  
2425  2427  2430  2432  2438  
2438  2439  2441  2441  2441  
2441  2443  2445  2448  2449  
2449  2449  2450  2451  2452  
2453  2453  2454  2458  2459  
2459  2461  2461  2463  2465  
2465  2465  2465  2467  2469  
2469  2470  2470  2471  2473  
2473  2474  2475  2476  2481  
2482  2483  2483  2489  2491  
2494  2495  2495  2497  2497  
2499  2499  2501  2501  2501  
2501  2503  2503  2503  2506  
2510  2512  2513  2515  2517  
2517  2518  2520  2521  2527  
2529  2529  2532  2535  2539  
2541  2541  2544  2545  2545  
2545  2546  2547  2552  2555  
2557  2557  2558  2561  2561  
2561  2562  2566  2568  2569  
2571  2576  2581  2581  2581  
2583  2586  2587  2587  2589  
2591  2591  2591  2593  2593  
2593  2594  2596  2596  2600  
2601  2601  2601  2601  2601  
2601  2602  2609  2611  2613  
2617  2617  2621  2623  2624  
2625  2626  2627  2629  2631  
2633  2635  2637  2641  2641  
2641  2641  2645  2646  2647  
2648  2649  2649  2651  2653  
2654  2656  2657  2657  2657  
2661  2661  2661  2661  2663  
2663  2665  2670  2670  2671  
2673  2673  2675  2675  2675  
2676  2679  2682  2686  2689  
2691  2694  2695  2695  2697  
2697  2699  2701  2703  2703  
2705  2705  2705  2709  2713  
2720  2721  2721  2721  2721  
2721  2723  2725  2729  2731  
2733  2734  2735  2735  2737  
2737  2737  2738  2738  2739  
2741  2741  2741  2746  2746  
2749  2749  2751  2751  2751  
2753  2753  2753  2755  2755  
2757  2758  2761  2761  2761  
2763  2764  2765  2769  2769  
2772  2773  2773  2774  2775  
2781  2783  2785  2785  2785  
2786  2786  2789  2789  2791  
2793  2796  2801  2801  2801  
2801  2801  2802  2805  2806  
2807  2807  2810  2812  2814  
2816  2816  2817  2824  2825  
2825  2825  2826  2827  2827  
2828  2832  2833  2833  2833  
2834  2836  2837  2839  2839  
2841  2841  2841  2841  2845  
2845  2846  2849  2851  2851  
2853  2853  2853  2857  2859  
2861  2865  2867  2869  2870  
2871  2871  2872  2873  2875  
2878  2880  2881  2881  2884  
2884  2885  2885  2887  2888  
2895  2897  2899  2901  2901  
2902  2903  2904  2906  2910  
2913  2913  2913  2921  2921  
2923  2926  2928  2929  2929  
2929  2929  2933  2934  2935  
2937  2941  2943  2945  2949  
2951  2952  2953  2955  2957  
2959  2959  2960  2961  2961  
2961  2961  2961  2966  2966  
2969  2969  2969  2971  2971  
2971  2971  2971  2971  2971  
2973  2973  2973  2976  2977  
2978  2979  2981  2985  2985  
2985  2987  2987  2987  2989  
2991  2992  2993  2993  2993  
2995  2999  3001  3001  3001  
3003  3004  3004  3007  3007  
3007  3007  3009  3009  3011  
3012  3013  3014  3017  3017  
3017  3017  3019  3021  3021  
3021  3021  3021  3023  3025  
3026  3027  3027  3029  3031  
3031  3031  3033  3033  3035  
3035  3038  3041  3041  3041  
3041  3041  3044  3045  3048  
3049  3051  3051  3053  3054  
3054  3054  3057  3059  3061  
3063  3063  3065  3065  3066  
3066  3066  3067  3068  3073  
3073  3076  3076  3080  3080  
3081  3085  3085  3086  3087  
3096  3097  3097  3099  3099  
3100  3101  3101  3104  3105  
3105  3109  3111  3111  3119  
3121  3121  3122  3122  3123  
3124  3126  3126  3126  3128  
3130  3131  3134  3136  3141  
3143  3145  3145  3151  3151  
3153  3153  3155  3157  3161  
3161  3161  3161  3163  3165  
3166  3168  3169  3169  3169  
3171  3173  3173  3173  3175  
3177  3181  3181  3181  3181  
3185  3186  3186  3186  3186  
3187  3191  3196  3196  3197  
3197  3201  3201  3201  3201  
3201  3202  3207  3209  3210  
3211  3213  3213  3216  3217  
3221  3223  3227  3229  3229  
3229  3232  3233  3234  3235  
3236  3239  3239  3239  3241  
3241  3241  3245  3246  3246  
3247  3247  3249  3249  3250  
3251  3253  3257  3259  3261  
3261  3261  3265  3265  3265  
3265  3266  3267  3269  3269  
3269  3270  3271  3271  3272  
3279  3280  3281  3281  3281  
3286  3287  3288  3289  3290  
3293  3293  3294  3297  3297  
3299  3299  3301  3301  3301  
3303  3305  3305  3305  3306  
3309  3311  3311  3312  3312  
3313  3316  3316  3316  3319  
3321  3321  3321  3321  3323  
3324  3325  3326  3329  3330  
3335  3335  3336  3339  3340  
3341  3341  3341  3341  3342  
3345  3346  3346  3346  3349  
3351  3352  3354  3361  3365  
3369  3369  3371  3373  3373  
3377  3377  3378  3379  3379  
3380  3388  3389  3389  3391  
3392  3393  3393  3393  3394  
3395  3401  3401  3401  3401  
3401  3401  3401  3401  3401  
3402  3403  3403  3403  3406  
3409  3409  3409  3409  3410  
3412  3413  3413  3416  3419  
3421  3422  3423  3425  3425  
3426  3427  3431  3432  3433  
3435  3435  3437  3440  3441  
3441  3441  3444  3445  3446  
3446  3449  3451  3453  3455  
3456  3457  3459  3460  3461  
3461  3461  3462  3465  3465  
3466  3471  3473  3476  3477  
3477  3478  3479  3480  3481  
3481  3486  3487  3489  3489  
3489  3489  3489  3489  3489  
3491  3493  3493  3494  3495  
3496  3497  3497  3499  3500  
3501  3501  3501  3501  3501  
3501  3501  3503  3504  3505  
3509  3509  3513  3515  3516  
3517  3517  3519  3521  3521  
3521  3523  3525  3527  3529  
3531  3531  3531  3531  3533  
3533  3533  3537  3537  3541  
3542  3545  3547  3547  3547  
3551  3551  3552  3553  3553  
3555  3557  3558  3560  3561  
3562  3565  3565  3566  3566  
3567  3568  3569  3573  3576  
3577  3577  3583  3585  3585  
3586  3586  3589  3589  3591  
3591  3593  3593  3595  3597  
3601  3601  3601  3605  3609  
3611  3611  3617  3621  3621  
3621  3622  3622  3622  3623  
3627  3629  3629  3631  3634  
3637  3638  3639  3641  3645  
3647  3647  3647  3649  3649  
3649  3655  3657  3657  3659  
3661  3661  3661  3665  3665  
3666  3667  3667  3667  3671  
3671  3672  3676  3681  3681  
3681  3681  3682  3684  3686  
3687  3689  3690  3694  3696  
3696  3697  3697  3701  3701  
3701  3701  3702  3703  3705  
3705  3705  3705  3707  3713  
3715  3715  3717  3720  3721  
3721  3721  3730  3733  3733  
3736  3737  3741  3741  3741  
3745  3745  3745  3746  3747  
3748  3749  3751  3751  3751  
3751  3751  3751  3751  3754  
3754  3756  3756  3757  3757  
3757  3761  3761  3762  3764  
3765  3766  3767  3771  3771  
3775  3777  3781  3781  3781  
3781  3785  3785  3785  3787  
3791  3791  3791  3793  3793  
3797  3801  3801  3801  3801  
3801  3809  3809  3813  3814  
3814  3815  3816  3822  3823  
3824  3825  3825  3825  3826  
3827  3833  3836  3837  3841  
3841  3841  3841  3841  3843  
3845  3845  3847  3849  3849  
3851  3855  3856  3856  3857  
3857  3857  3857  3857  3861  
3862  3868  3868  3871  3873  
3873  3873  3881  3881  3881  
3881  3881  3883  3886  3889  
3893  3894  3894  3896  3901  
3905  3908  3911  3913  3921  
3921  3921  3923  3927  3927  
3928  3929  3931  3931  3932  
3934  3935  3935  3937  3941  
3945  3945  3945  3950  3951  
3952  3955  3956  3956  3957  
3957  3961  3961  3961  3961  
3963  3967  3969  3969  3969  
3970  3971  3972  3973  3976  
3981  3981  3986  3988  3988  
3989  3990  3991  3993  3994  
3996  3997  3997  3997  4001  
4001  4001  4001  4001  4001  
4001  4001  4001  4001  4004  
4005  4006  4007  4009  4009  
4010  4011  4012  4013  4013  
4019  4021  4021  4026  4027  
4027  4035  4036  4040  4041  
4045  4045  4046  4046  4049  
4049  4049  4051  4053  4057  
4057  4058  4059  4062  4065  
4067  4077  4079  4081  4081  
4081  4081  4086  4086  4087  
4091  4091  4092  4093  4099  
4100  4100  4101  4101  4105  
4105  4106  4111  4111  4113  
4113  4114  4116  4117  4120  
4121  4121  4122  4124  4125  
4126  4127  4127  4129  4130  
4131  4131  4131  4133  4133  
4134  4134  4136  4136  4137  
4137  4137  4138  4141  4142  
4143  4143  4143  4145  4146  
4150  4151  4151  4153  4158  
4160  4161  4161  4161  4161  
4161  4163  4164  4164  4165  
4165  4166  4167  4171  4173  
4174  4174  4176  4177  4179  
4180  4180  4181  4181  4184  
4185  4185  4186  4186  4189  
4191  4191  4191  4193  4199  
4201  4201  4201  4205  4205  
4207  4207  4208  4209  4209  
4209  4209  4210  4210  4212  
4213  4216  4217  4221  4221  
4222  4223  4223  4225  4225  
4225  4226  4226  4226  4226  
4228  4228  4234  4235  4236  
4237  4240  4241  4243  4244  
4245  4249  4251  4251  4253  
4253  4254  4254  4258  4259  
4261  4261  4263  4264  4264  
4265  4265  4266  4273  4273  
4273  4277  4281  4284  4288  
4289  4289  4289  4291  4291  
4293  4294  4297  4301  4305  
4306  4308  4311  4313  4313  
4314  4315  4316  4316  4317  
4317  4321  4321  4324  4325  
4329  4329  4329  4333  4336  
4337  4340  4341  4341  4341  
4345  4345  4347  4349  4350  
4351  4353  4355  4357  4359  
4361  4363  4369  4370  4371  
4372  4375  4376  4376  4379  
4379  4381  4383  4384  4388  
4388  4389  4389  4391  4393  
4393  4394  4395  4396  4396  
4396  4397  4401  4401  4401  
4401  4401  4401  4404  4404  
4405  4406  4406  4409  4409  
4409  4413  4417  4419  4420  
4423  4423  4425  4425  4427  
4429  4431  4433  4433  4436  
4437  4437  4437  4441  4441  
4441  4443  4443  4447  4449  
4451  4451  4451  4456  4457  
4457  4461  4461  4463  4465  
4465  4465  4466  4468  4471  
4474  4475  4475  4476  4478  
4481  4481  4481  4481  4484  
4485  4486  4487  4489  4493  
4496  4501  4501  4505  4506  
4507  4511  4513  4513  4515  
4517  4517  4519  4520  4524  
4525  4526  4526  4527  4529  
4531  4531  4531  4531  4533  
4535  4536  4536  4537  4537  
4539  4541  4542  4544  4545  
4547  4547  4547  4551  4553  
4555  4556  4556  4557  4561  
4561  4561  4565  4566  4569  
4569  4571  4571  4573  4577  
4577  4577  4577  4581  4583  
4583  4585  4585  4585  4585  
4585  4586  4587  4587  4591  
4591  4594  4599  4601  4601  
4602  4604  4607  4609  4609  
4617  4617  4617  4619  4622  
4625  4625  4625  4626  4627  
4627  4632  4636  4637  4641  
4641  4641  4641  4643  4645  
4647  4649  4649  4651  4651  
4657  4657  4661  4661  4663  
4664  4665  4665  4665  4665  
4665  4665  4669  4673  4673  
4673  4674  4674  4676  4677  
4678  4678  4683  4684  4685  
4687  4689  4691  4697  4699  
4700  4701  4701  4701  4703  
4704  4705  4707  4707  4707  
4709  4709  4711  4711  4713  
4719  4720  4720  4720  4721  
4721  4721  4721  4721  4721  
4721  4725  4726  4729  4731  
4737  4737  4741  4744  4745  
4747  4748  4749  4750  4751  
4751  4751  4751  4755  4755  
4757  4758  4759  4760  4761  
4761  4763  4769  4770  4771  
4775  4777  4781  4783  4783  
4783  4786  4786  4789  4790  
4795  4797  4798  4799  4801  
4801  4801  4801  4805  4806  
4807  4807  4808  4809  4809  
4809  4809  4811  4812  4813  
4816  4817  4817  4817  4819  
4821  4824  4827  4829  4830  
4831  4831  4831  4833  4833  
4835  4835  4836  4841  4841  
4841  4841  4845  4847  4849  
4849  4851  4855  4855  4857  
4857  4859  4859  4861  4863  
4865  4866  4866  4868  4868  
4869  4869  4871  4871  4871  
4873  4874  4875  4877  4880  
4880  4881  4881  4881  4882  
4882  4883  4887  4889  4891  
4895  4896  4897  4897  4899  
4900  4901  4901  4901  4903  
4908  4912  4913  4913  4913  
4913  4915  4916  4917  4921  
4921  4923  4928  4929  4931  
4931  4934  4936  4937  4937  
4943  4945  4945  4945  4945  
4947  4951  4951  4951  4953  
4955  4957  4961  4961  4961  
4965  4965  4973  4975  4975  
4976  4976  4977  4977  4985  
4988  4989  4991  4991  4993  
4993  4994  4994  4995  4995  
4996  4997  4999  4999  5001  
5001  5001  5001  5001  5001  
5001  5001  5001  5001  5005  
5005  5011  5011  5011  5011  
5012  5014  5016  5017  5019  
5021  5022  5023  5027  5028  
5029  5030  5031  5033  5035  
5036  5041  5041  5041  5044  
5045  5045  5047  5048  5049  
5054  5056  5057  5057  5061  
5061  5062  5065  5065  5069  
5069  5071  5071  5073  5076  
5077  5079  5081  5083  5084  
5089  5089  5093  5097  5101  
5101  5101  5101  5102  5105  
5105  5107  5107  5109  5113  
5113  5115  5116  5117  5121  
5123  5126  5127  5129  5129  
5129  5129  5129  5129  5130  
5133  5134  5137  5140  5141  
5141  5141  5142  5143  5150  
5151  5152  5153  5154  5155  
5157  5158  5159  5161  5161  
5162  5167  5169  5171  5171  
5171  5177  5181  5183  5183  
5194  5197  5199  5199  5200  
5201  5201  5201  5201  5201  
5201  5201  5203  5207  5210  
5211  5216  5219  5221  5223  
5227  5229  5229  5233  5233  
5235  5236  5237  5239  5241  
5241  5241  5241  5241  5243  
5245  5246  5247  5249  5250  
5251  5256  5257  5260  5262  
5265  5269  5271  5273  5273  
5274  5275  5276  5281  5281  
5281  5281  5281  5283  5283  
5284  5287  5287  5289  5289  
5289  5290  5290  5291  5297  
5297  5301  5304  5306  5306  
5307  5309  5309  5309  5311  
5312  5313  5313  5313  5315  
5317  5317  5317  5320  5321  
5323  5326  5329  5329  5329  
5329  5331  5331  5333  5333  
5336  5339  5341  5342  5345  
5346  5346  5349  5351  5351  
5351  5352  5353  5353  5353  
5353  5355  5355  5355  5357  
5358  5361  5365  5365  5366  
5366  5369  5371  5372  5372  
5377  5377  5377  5379  5380  
5381  5381  5381  5383  5388  
5389  5391  5391  5392  5393  
5393  5393  5395  5401  5401  
5401  5401  5401  5409  5409  
5409  5409  5411  5417  5417  
5417  5418  5418  5419  5423  
5424  5426  5431  5433  5433  
5435  5435  5436  5441  5441  
5441  5444  5449  5449  5450  
5451  5453  5456  5456  5457  
5463  5465  5465  5467  5470  
5470  5471  5471  5473  5476  
5478  5479  5481  5481  5481  
5483  5485  5489  5489  5489  
5489  5489  5489  5489  5490  
5491  5491  5491  5491  5491  
5493  5493  5495  5495  5496  
5501  5505  5505  5506  5507  
5507  5510  5513  5513  5514  
5519  5519  5521  5521  5521  
5523  5527  5527  5528  5528  
5529  5531  5533  5533  5535  
5535  5537  5541  5542  5543  
5545  5551  5551  5551  5553  
5555  5561  5563  5563  5565  
5567  5569  5569  5570  5571  
5571  5572  5575  5576  5577  
5580  5581  5581  5581  5583  
5585  5586  5587  5589  5589  
5589  5593  5593  5594  5594  
5596  5601  5601  5601  5601  
5601  5601  5601  5603  5603  
5605  5607  5609  5611  5613  
5613  5615  5617  5622  5623  
5625  5626  5626  5626  5627  
5627  5628  5629  5633  5635  
5636  5636  5637  5640  5641  
5645  5645  5651  5651  5653  
5654  5655  5656  5656  5657  
5658  5661  5661  5661  5661  
5663  5665  5665  5666  5667  
5668  5672  5673  5675  5681  
5681  5681  5691  5693  5693  
5695  5696  5697  5701  5701  
5702  5705  5705  5713  5716  
5717  5718  5721  5721  5721  
5721  5721  5721  5722  5722  
5723  5725  5726  5727  5727  
5728  5728  5729  5729  5729  
5730  5731  5731  5732  5737  
5737  5737  5741  5743  5745  
5745  5746  5747  5749  5751  
5751  5753  5753  5753  5755  
5756  5761  5761  5761  5761  
5764  5765  5768  5769  5770  
5773  5773  5774  5775  5775  
5776  5779  5781  5781  5789  
5789  5789  5791  5792  5792  
5793  5793  5793  5793  5794  
5795  5796  5797  5801  5801  
5801  5801  5805  5806  5807  
5811  5811  5813  5813  5816  
5816  5817  5817  5817  5824  
5826  5827  5830  5831  5831  
5833  5835  5835  5836  5837  
5841  5841  5841  5841  5841  
5845  5849  5849  5850  5851  
5852  5856  5857  5857  5857  
5857  5859  5860  5861  5861  
5864  5864  5865  5865  5867  
5867  5869  5871  5871  5871  
5871  5874  5875  5877  5879  
5881  5881  5882  5883  5884  
5886  5887  5889  5892  5895  
5897  5898  5900  5900  5900  
5901  5901  5901  5901  5902  
5903  5905  5905  5905  5911  
5913  5913  5913  5914  5914  
5915  5917  5917  5919  5920  
5921  5921  5921  5921  5923  
5924  5929  5929  5932  5933  
5934  5935  5936  5937  5937  
5941  5941  5943  5945  5945  
5946  5946  5947  5947  5950  
5951  5951  5951  5951  5953  
5953  5953  5956  5956  5957  
5957  5959  5963  5963  5963  
5965  5969  5972  5975  5976  
5977  5981  5982  5982  5983  
5985  5985  5985  5985  5987  
5991  5991  5993  5993  5993  
5993  5994  5995  5996  5996  
5997  5997  5998  6001  6001  
6001  6006  6007  6007  6013  
6013  6014  6015  6017  6017  
6019  6020  6021  6023  6025  
6026  6027  6028  6029  6029  
6031  6032  6033  6033  6033  
6035  6040  6041  6041  6041  
6041  6049  6053  6056  6060  
6061  6061  6063  6063  6067  
6067  6068  6069  6069  6069  
6070  6071  6071  6072  6076  
6076  6078  6081  6081  6084  
6085  6085  6085  6089  6089  
6095  6095  6096  6096  6097  
6097  6100  6101  6101  6101  
6101  6102  6102  6103  6103  
6103  6106  6108  6109  6109  
6114  6115  6119  6121  6123  
6124  6126  6126  6126  6129  
6135  6137  6141  6143  6145  
6145  6151  6151  6153  6156  
6164  6165  6165  6165  6165  
6169  6169  6169  6170  6173  
6177  6179  6181  6181  6183  
6186  6189  6189  6191  6193  
6204  6206  6207  6209  6210  
6211  6212  6213  6213  6216  
6217  6217  6219  6219  6219  
6221  6221  6223  6225  6226  
6226  6226  6226  6229  6230  
6231  6233  6233  6233  6237  
6239  6240  6241  6241  6241  
6241  6241  6241  6243  6245  
6246  6247  6249  6251  6251  
6251  6251  6260  6261  6264  
6265  6266  6269  6272  6273  
6273  6273  6279  6280  6281  
6281  6281  6281  6285  6285  
6293  6294  6295  6297  6297  
6297  6303  6305  6305  6306  
6307  6307  6307  6313  6315  
6321  6322  6323  6323  6323  
6325  6325  6326  6329  6330  
6331  6331  6333  6337  6337  
6337  6339  6341  6341  6341  
6343  6345  6348  6349  6351  
6351  6351  6352  6353  6353  
6361  6361  6361  6361  6363  
6363  6363  6366  6369  6369  
6371  6375  6376  6376  6376  
6377  6379  6379  6385  6385  
6385  6386  6387  6387  6389  
6391  6395  6396  6401  6401  
6401  6402  6402  6405  6405  
6413  6415  6416  6417  6417  
6417  6419  6419  6420  6420  
6421  6425  6426  6433  6434  
6435  6436  6437  6439  6439  
6442  6443  6447  6449  6450  
6451  6452  6455  6456  6465  
6465  6466  6469  6470  6472  
6473  6474  6474  6475  6476  
6477  6477  6481  6481  6481  
6485  6485  6485  6485  6486  
6488  6488  6489  6491  6493  
6493  6493  6496  6496  6497  
6499  6501  6502  6503  6505  
6506  6507  6507  6511  6511  
6513  6513  6513  6517  6521  
6521  6523  6526  6529  6529  
6529  6529  6536  6537  6540  
6541  6541  6542  6545  6545  
6545  6545  6548  6549  6549  
6550  6550  6551  6551  6553  
6553  6555  6555  6561  6566  
6568  6573  6575  6575  6577  
6577  6579  6580  6585  6585  
6585  6587  6589  6589  6589  
6589  6590  6593  6601  6601  
6605  6609  6609  6609  6610  
6610  6611  6617  6621  6621  
6621  6623  6625  6625  6625  
6628  6631  6631  6634  6635  
6635  6636  6636  6637  6637  
6641  6641  6647  6651  6654  
6655  6657  6657  6659  6659  
6660  6661  6661  6661  6662  
6663  6665  6665  6665  6666  
6667  6676  6677  6681  6681  
6685  6685  6685  6686  6689  
6689  6692  6692  6693  6696  
6697  6700  6701  6701  6701  
6701  6711  6712  6712  6713  
6715  6715  6717  6719  6719  
6720  6721  6723  6724  6725  
6725  6726  6726  6727  6729  
6732  6733  6734  6737  6737  
6737  6737  6737  6740  6740  
6741  6742  6743  6744  6745  
6746  6749  6749  6751  6751  
6751  6752  6752  6753  6753  
6754  6754  6756  6756  6761  
6761  6762  6763  6765  6769  
6777  6777  6781  6782  6785  
6786  6786  6789  6790  6791  
6791  6792  6792  6794  6795  
6796  6801  6801  6801  6802  
6803  6806  6808  6809  6817  
6818  6820  6821  6821  6821  
6821  6824  6825  6825  6827  
6829  6829  6833  6834  6837  
6840  6841  6841  6841  6845  
6845  6847  6849  6853  6853  
6857  6857  6857  6858  6861  
6861  6864  6865  6865  6865  
6867  6867  6868  6869  6869  
6869  6874  6874  6876  6876  
6876  6877  6881  6882  6882  
6888  6892  6893  6896  6897  
6897  6901  6902  6905  6906  
6913  6916  6921  6926  6929  
6930  6933  6933  6935  6937  
6941  6941  6943  6945  6950  
6951  6951  6951  6953  6955  
6956  6958  6961  6961  6961  
6961  6961  6961  6965  6965  
6965  6965  6966  6969  6969  
6975  6975  6977  6977  6981  
6981  6983  6985  6985  6985  
6986  6987  6989  6990  6991  
6991  6992  6993  6993  6997  
7001  7001  7001  7001  7002  
7006  7006  7007  7008  7008  
7009  7010  7011  7011  7014  
7021  7027  7027  7031  7031  
7037  7038  7039  7041  7041  
7041  7041  7041  7042  7045  
7045  7048  7051  7051  7051  
7054  7055  7057  7057  7058  
7061  7061  7067  7070  7071  
7075  7075  7077  7077  7079  
7079  7081  7081  7082  7082  
7089  7089  7089  7089  7089  
7091  7091  7091  7093  7095  
7096  7096  7101  7101  7101  
7101  7101  7101  7104  7104  
7105  7105  7105  7106  7107  
7107  7108  7115  7116  7117  
7117  7121  7121  7121  7123  
7123  7125  7126  7129  7136  
7137  7141  7141  7141  7145  
7146  7147  7148  7155  7157  
7157  7157  7161  7161  7163  
7168  7171  7172  7172  7175  
7176  7177  7179  7181  7185  
7193  7193  7194  7197  7201  
7201  7201  7201  7201  7201  
7206  7206  7207  7207  7209  
7209  7213  7217  7217  7226  
7226  7226  7227  7229  7229  
7229  7229  7231  7232  7232  
7233  7233  7235  7237  7241  
7241  7243  7247  7248  7251  
7251  7251  7254  7257  7261  
7262  7262  7264  7265  7266  
7267  7268  7268  7273  7274  
7276  7277  7278  7278  7279  
7281  7281  7281  7281  7285  
7289  7290  7292  7293  7297  
7297  7299  7300  7301  7302  
7303  7303  7305  7305  7305  
7305  7308  7311  7315  7317  
7321  7321  7321  7321  7323  
7325  7326  7326  7328  7331  
7334  7336  7337  7337  7338  
7341  7346  7351  7351  7351  
7352  7353  7357  7357  7359  
7361  7361  7361  7361  7361  
7376  7378  7381  7382  7385  
7386  7389  7389  7391  7391  
7391  7391  7393  7393  7393  
7393  7395  7396  7396  7397  
7397  7397  7398  7401  7401  
7401  7401  7401  7401  7403  
7405  7405  7406  7406  7407  
7409  7409  7409  7409  7411  
7416  7417  7417  7419  7421  
7421  7422  7425  7427  7428  
7429  7431  7431  7431  7431  
7433  7433  7434  7441  7441  
7441  7441  7445  7451  7458  
7461  7461  7469  7469  7471  
7471  7471  7471  7473  7473  
7473  7476  7481  7481  7485  
7485  7486  7489  7489  7489  
7491  7491  7493  7494  7497  
7501  7501  7501  7503  7504  
7505  7505  7505  7505  7507  
7507  7508  7509  7513  7517  
7517  7517  7518  7519  7519  
7519  7521  7521  7521  7521  
7524  7525  7529  7532  7533  
7535  7536  7537  7537  7541  
7541  7543  7544  7553  7555  
7557  7561  7563  7567  7576  
7577  7577  7577  7579  7579  
7581  7581  7585  7585  7585  
7585  7586  7593  7593  7594  
7596  7597  7601  7601  7609  
7610  7611  7612  7613  7615  
7616  7617  7617  7625  7625  
7626  7626  7628  7631  7631  
7634  7634  7635  7636  7636  
7641  7645  7646  7647  7647  
7648  7648  7649  7650  7651  
7651  7651  7653  7653  7655  
7656  7657  7659  7660  7660  
7660  7661  7661  7661  7661  
7665  7667  7671  7671  7673  
7673  7674  7677  7679  7680  
7681  7681  7681  7681  7682  
7683  7685  7686  7687  7689  
7693  7694  7697  7697  7697  
7698  7700  7701  7701  7705  
7706  7707  7711  7713  7713  
7714  7717  7719  7721  7721  
7724  7726  7726  7726  7728  
7729  7729  7731  7733  7733  
7737  7737  7739  7741  7746  
7747  7749  7749  7751  7754  
7755  7759  7759  7760  7761  
7761  7761  7762  7763  7763  
7763  7765  7767  7769  7769  
7769  7773  7776  7777  7777  
7777  7777  7779  7783  7785  
7791  7791  7791  7792  7793  
7793  7793  7794  7795  7799  
7801  7801  7802  7804  7804  
7807  7808  7809  7811  7813  
7814  7817  7817  7819  7820  
7822  7823  7825  7825  7826  
7826  7829  7831  7835  7836  
7837  7837  7841  7841  7841  
7841  7841  7841  7843  7843  
7843  7843  7845  7846  7851  
7851  7853  7857  7857  7858  
7858  7858  7860  7860  7863  
7865  7865  7866  7867  7868  
7871  7871  7876  7876  7876  
7876  7878  7881  7881  7885  
7885  7886  7887  7889  7889  
7889  7890  7891  7895  7896  
7896  7897  7898  7898  7899  
7900  7901  7901  7901  7903  
7905  7906  7907  7917  7918  
7919  7919  7921  7921  7921  
7921  7925  7926  7934  7935  
7937  7938  7941  7942  7946  
7949  7951  7951  7953  7953  
7953  7957  7960  7961  7961  
7961  7962  7965  7966  7967  
7968  7969  7971  7971  7973  
7977  7977  7979  7980  7980  
7981  7981  7982  7985  7985  
7985  7985  7986  7987  7987  
7989  7990  7991  7991  7991  
7991  7993  7993  7994  7996  
7998  8000  8001  8001  8001  
8001  8001  8005  8005  8006  
8007  8010  8013  8014  8017  
8017  8019  8025  8027  8029  
8031  8032  8033  8033  8033  
8035  8035  8037  8037  8037  
8039  8041  8042  8044  8044  
8045  8046  8047  8049  8049  
8049  8049  8049  8051  8051  
8051  8051  8052  8057  8057  
8061  8061  8064  8064  8065  
8066  8067  8069  8070  8071  
8073  8075  8076  8076  8077  
8077  8078  8079  8081  8081  
8081  8081  8081  8085  8085  
8087  8089  8089  8091  8091  
8091  8092  8095  8095  8097  
8101  8101  8101  8101  8104  
8107  8109  8109  8110  8110  
8111  8113  8113  8113  8114  
8117  8121  8121  8121  8123  
8123  8126  8126  8126  8129  
8129  8129  8129  8131  8131  
8131  8132  8133  8136  8136  
8137  8141  8141  8141  8144  
8145  8149  8150  8151  8151  
8151  8152  8153  8153  8155  
8155  8157  8164  8165  8167  
8169  8169  8169  8171  8171  
8173  8173  8173  8176  8177  
8177  8177  8177  8180  8181  
8181  8181  8189  8189  8189  
8191  8193  8197  8197  8201  
8201  8209  8209  8209  8210  
8210  8213  8215  8217  8217  
8225  8225  8227  8229  8230  
8232  8233  8235  8235  8238  
8241  8241  8241  8243  8245  
8246  8247  8248  8249  8249  
8251  8251  8257  8257  8259  
8261  8267  8270  8271  8272  
8275  8276  8281  8281  8281  
8286  8287  8287  8289  8291  
8294  8295  8299  8301  8304  
8304  8305  8305  8305  8307  
8308  8309  8311  8313  8314  
8316  8316  8321  8325  8325  
8327  8329  8331  8331  8337  
8339  8340  8341  8342  8343  
8344  8346  8347  8349  8351  
8356  8357  8363  8365  8366  
8368  8372  8375  8375  8377  
8377  8379  8379  8380  8380  
8381  8381  8384  8385  8385  
8385  8385  8386  8387  8391  
8393  8395  8396  8396  8397  
8398  8398  8401  8401  8401  
8405  8409  8409  8410  8411  
8411  8413  8413  8416  8416  
8417  8418  8419  8420  8421  
8422  8425  8426  8427  8428  
8428  8431  8433  8436  8436  
8436  8437  8438  8438  8441  
8441  8443  8445  8447  8447  
8448  8449  8449  8449  8449  
8451  8453  8455  8456  8457  
8457  8460  8461  8461  8461  
8463  8465  8472  8473  8474  
8477  8478  8479  8479  8481  
8481  8481  8482  8486  8486  
8487  8488  8488  8488  8493  
8493  8493  8495  8497  8497  
8497  8497  8497  8497  8499  
8501  8501  8501  8502  8503  
8505  8507  8509  8510  8512  
8515  8517  8520  8521  8521  
8526  8532  8533  8533  8535  
8537  8537  8539  8540  8541  
8548  8549  8552  8561  8563  
8563  8563  8565  8566  8567  
8569  8569  8569  8569  8570  
8575  8577  8577  8578  8581  
8581  8582  8583  8584  8585  
8589  8591  8592  8593  8593  
8593  8595  8596  8597  8597  
8601  8601  8602  8605  8607  
8607  8610  8612  8616  8616  
8616  8617  8621  8625  8627  
8629  8629  8631  8631  8631  
8633  8636  8638  8639  8639  
8639  8640  8641  8641  8641  
8641  8641  8641  8645  8645  
8645  8649  8649  8651  8651  
8651  8655  8656  8656  8656  
8657  8657  8657  8658  8659  
8659  8663  8672  8673  8673  
8673  8673  8679  8681  8683  
8685  8685  8691  8691  8693  
8695  8695  8696  8697  8697  
8699  8699  8705  8705  8705  
8707  8709  8709  8713  8713  
8716  8721  8721  8721  8721  
8722  8723  8724  8726  8729  
8729  8735  8737  8740  8741  
8741  8743  8745  8749  8749  
8750  8751  8752  8753  8753  
8755  8757  8759  8760  8761  
8761  8765  8766  8769  8774  
8775  8776  8777  8777  8778  
8781  8781  8782  8783  8784  
8786  8791  8793  8796  8797  
8798  8800  8801  8801  8801  
8801  8801  8803  8803  8805  
8809  8811  8811  8812  8814  
8816  8817  8817  8819  8819  
8821  8821  8828  8829  8829  
8829  8831  8833  8833  8833  
8835  8835  8835  8840  8841  
8841  8841  8841  8841  8842  
8845  8846  8849  8849  8851  
8851  8851  8852  8853  8855  
8857  8861  8862  8863  8865  
8865  8867  8871  8873  8873  
8873  8878  8881  8881  8881  
8881  8881  8882  8886  8889  
8891  8893  8895  8897  8898  
8899  8901  8901  8901  8902  
8903  8904  8905  8907  8907  
8908  8913  8915  8915  8916  
8921  8921  8921  8921  8923  
8925  8926  8926  8927  8929  
8929  8929  8930  8933  8933  
8935  8937  8937  8941  8941  
8941  8942  8945  8945  8949  
8950  8950  8951  8953  8953  
8955  8956  8959  8961  8961  
8962  8964  8967  8970  8971  
8973  8973  8976  8976  8977  
8981  8984  8991  8991  8991  
8992  8993  8993  8993  8997  
8997  8998  8999  8999  9000  
9001  9001  9003  9009  9011  
9013  9013  9014  9016  9017  
9017  9019  9019  9019  9019  
9023  9023  9025  9025  9025  
9025  9029  9029  9029  9031  
9031  9031  9031  9031  9033  
9041  9041  9041  9048  9049  
9049  9057  9057  9061  9063  
9065  9065  9071  9073  9073  
9075  9076  9077  9080  9081  
9082  9083  9083  9089  9092  
9095  9096  9097  9098  9101  
9101  9103  9105  9105  9109  
9110  9111  9113  9113  9117  
9117  9117  9126  9126  9126  
9127  9129  9131  9131  9131  
9133  9133  9135  9137  9137  
9141  9141  9143  9143  9144  
9144  9145  9145  9146  9149  
9151  9151  9151  9151  9153  
9153  9153  9153  9155  9156  
9157  9157  9162  9167  9171  
9171  9173  9175  9176  9176  
9177  9177  9179  9180  9185  
9186  9191  9192  9193  9195  
9199  9201  9201  9201  9201  
9201  9203  9209  9209  9210  
9211  9213  9213  9217  9219  
9219  9221  9221  9221  9222  
9222  9223  9223  9225  9226  
9228  9230  9231  9233  9233  
9233  9236  9237  9238  9239  
9239  9240  9241  9241  9243  
9243  9243  9243  9246  9249  
9249  9249  9251  9251  9259  
9259  9259  9259  9261  9261  
9263  9265  9265  9269  9269  
9269  9270  9271  9271  9272  
9273  9273  9276  9276  9276  
9279  9281  9281  9281  9283  
9286  9287  9291  9291  9292  
9293  9293  9294  9301  9301  
9302  9303  9309  9311  9312  
9316  9317  9320  9322  9326  
9327  9329  9329  9330  9331  
9332  9343  9343  9345  9347  
9348  9349  9349  9349  9350  
9353  9358  9361  9363  9366  
9366  9369  9370  9373  9375  
9376  9376  9376  9377  9378  
9378  9379  9385  9385  9385  
9387  9389  9389  9391  9393  
9393  9393  9393  9396  9399  
9399  9400  9401  9401  9401  
9403  9405  9405  9408  9408  
9409  9411  9411  9411  9412  
9413  9413  9415  9417  9419  
9420  9423  9424  9425  9425  
9426  9427  9428  9429  9431  
9431  9435  9435  9436  9441  
9441  9441  9441  9441  9442  
9445  9446  9449  9451  9451  
9454  9457  9457  9461  9461  
9469  9471  9472  9474  9477  
9480  9485  9485  9487  9489  
9490  9491  9491  9493  9493  
9493  9494  9494  9495  9497  
9497  9497  9501  9501  9501  
9501  9501  9502  9503  9503  
9505  9505  9505  9505  9505  
9506  9511  9511  9511  9513  
9513  9517  9520  9521  9521  
9523  9526  9529  9533  9535  
9536  9537  9537  9540  9544  
9545  9545  9547  9549  9551  
9553  9553  9555  9556  9557  
9557  9558  9560  9561  9563  
9565  9569  9569  9578  9580  
9581  9582  9585  9586  9589  
9591  9591  9591  9591  9596  
9597  9597  9597  9599  9599  
9601  9601  9601  9603  9603  
9612  9613  9613  9613  9616  
9617  9617  9617  9618  9619  
9621  9621  9623  9623  9623  
9623  9625  9625  9626  9628  
9629  9631  9633  9635  9639  
9641  9641  9641  9643  9643  
9645  9645  9647  9647  9649  
9650  9651  9657  9657  9657  
9658  9659  9661  9661  9667  
9667  9671  9671  9673  9673  
9675  9675  9676  9677  9677  
9681  9681  9681  9681  9683  
9685  9686  9690  9691  9693  
9695  9695  9696  9697  9699  
9700  9700  9701  9701  9702  
9705  9706  9709  9709  9709  
9711  9712  9713  9713  9713  
9715  9717  9721  9722  9726  
9726  9729  9729  9729  9731  
9731  9731  9732  9736  9737  
9739  9745  9745  9745  9749  
9749  9751  9751  9755  9761  
9761  9763  9765  9766  9766  
9771  9772  9775  9777  9777  
9779  9780  9781  9781  9785  
9785  9787  9789  9789  9791  
9793  9794  9801  9801  9801  
9801  9801  9805  9811  9815  
9821  9825  9825  9825  9825  
9828  9829  9833  9833  9837  
9837  9837  9841  9841  9841  
9843  9843  9844  9845  9845  
9846  9846  9849  9851  9851  
9856  9857  9857  9857  9857  
9858  9859  9859  9859  9861  
9861  9863  9865  9865  9865  
9865  9867  9868  9868  9871  
9873  9873  9873  9873  9875  
9877  9880  9881  9881  9888  
9889  9889  9896  9896  9898  
9899  9905  9905  9907  9909  
9911  9911  9913  9916  9921  
9921  9921  9921  9923  9925  
9925  9926  9927  9929  9931  
9931  9933  9935  9937  9937  
9937  9938  9941  9941  9944  
9945  9946  9946  9951  9951  
9952  9953  9955  9958  9961  
9961  9965  9966  9969  9969  
9969  9973  9973  9976  9979  
9981  9981  9981  9982  9987  
9991  9991  9995  9996  9999  


Runtime: 0.027s
